615
7927
8058
6
3003
2348
9766
3355
5861
6907
5282
5394
1204
312
9387
9811
5145
7996
3122
9391
2056
6506
5294
2988
2441
8013
3259
9872
897
2502
5159
5724
451
3790
2287
9781
9235
2394
9061
5477
8394
1498
8650
155
2530
7919
130
3369
3303
772
4268
781
1290
8713
6906
1789
4404
1280
9577
6769
5210
7954
183
8209
8646
4404
2385
1954
5625
1237
7017
5828
5245
2495
7972
9892
834
3216
8034
5035
4405
9263
4380
8651
515
3973
878
107
8971
5285
1355
9988
3291
9768
2362
3549
4322
2059
2078
6790
5920
7064
7703
8873
2115
8145
7489
9157
9764
596
4320
8991
6454
3651
241
4839
2370
2188
1713
4879
922
3992
1928
9879
2542
9442
5635
9058
7299
8265
7384
622
4446
6557
4013
3911
9265
4028
3269
7417
6302
6017
1275
2112
3627
2233
2484
1726
174
5759
109
8713
7666
1461
2469
5976
8945
8626
1829
1740
5768
2813
1756
9090
1801
1310
654
9069
503
2801
5909
334
1020
2525
4724
3599
9272
4677
3473
2709
9514
4245
5221
5306
1878
951
9988
3570
4824
5026
1266
701
1906
1301
7722
2549
2209
6498
6114
9373
2369
3235
121
9757
7891
544
740
2372
8053
6587
1484
4203
7207
7057
6907
7758
7987
1614
9610
5732
6925
988
1505
5701
422
1980
2478
1360
6088
3465
6953
9518
8270
2421
3313
8091
3575
3923
3255
7715
4680
2175
5732
2942
7761
509
294
88
6292
7697
2500
3023
2224
1786
4035
6486
1463
7917
1490
4761
1374
664
7996
1482
2193
4620
983
9807
9856
7104
903
4677
8019
4853
1909
1411
2608
4240
2132
8511
3881
1533
1845
7326
7468
3127
7152
6997
3873
3878
3545
9411
5466
3951
4501
37
7395
2706
2368
4376
2894
8258
8856
6245
8159
7618
4303
7658
3946
7286
1134
9632
1290
9071
9993
9956
6537
5040
6823
5148
4198
9064
7929
272
1064
7902
3089
3235
3562
9900
9580
7582
8208
9394
9304
5926
4407
8642
1000
451
509
1681
2049
6164
9870
4282
8297
3043
8808
244
3603
1402
3562
457
5342
5339
4633
180
8748
1528
364
4276
5875
9481
7476
1312
1106
8028
7817
6148
3222
5564
1072
3431
3342
1556
5374
3844
9182
284
9044
3584
7257
6338
3689
677
5673
5586
992
1812
945
9269
3462
4704
2558
6531
2579
454
9557
5518
4415
7847
139
8815
7340
6193
4163
2955
6576
3229
3545
9003
382
1018
2656
1304
3528
8546
6820
8979
1210
683
219
1131
340
1794
4810
5008
7565
9938
1315
6445
7156
8998
2830
9639
4821
6767
5810
6282
3365
445
5891
6861
1814
5493
2617
1213
222
4788
9535
7626
4254
8836
3111
8167
7921
6625
2786
2033
2548
8240
8217
3134
8534
6461
9779
1711
6258
6386
7585
4557
9555
4776
2832
5139
5544
5582
4827
6255
4423
1355
5
3997
6774
4049
405
902
4598
1782
8874
2937
6235
4207
8364
7914
8229
6338
228
2237
6573
99
6359
721
6068
1755
9385
2517
4939
249
2567
4043
8000
6357
9280
1010
3313
2403
899
5483
6458
169
9852
3042
1843
8525
5039
882
1325
6755
5499
4113
74
135
6632
9515
8897
7862
5647
5607
5527
7212
2583
8928
607
4080
6229
6213
4509
5652
9964
3633
223
4455
9120
7541
5825
3004
828
8936
7372
4882
6943
4347
8807
2985
8409
7631
7188
683
2714
1976
9263
4699
5782
6482
3895
9901
6719
2999
5396
9380
1696
1716
8259
4263
6486
1218
5297
2757
2584
631
608
7231
2136
7021
3560
163
1387
5433
2226
739
8009
9033
6657
314
7810
1137
2418
7672
9751
833
3969
2046
8521
9394
