6552
9620
7298
331
2558
8617
9886
4895
1856
2178
7575
5648
6122
1993
8779
2003
9951
1004
2129
3542
4561
8077
449
4012
9544
1369
6577
4182
7880
8249
913
1945
212
7205
1526
2266
341
8690
8760
7838
8939
2734
4829
9434
8048
6594
8598
5148
2938
2803
9103
751
9197
8111
2774
259
5381
6819
2200
751
469
4106
6016
105
743
6686
3678
599
1673
847
9170
2802
504
8755
4129
8756
2494
6729
8329
2698
7943
4904
470
9299
5238
3489
5157
5878
7093
4261
7522
5082
7982
5566
1827
2233
5782
3764
924
5075
4931
5391
9356
4197
9612
8207
6772
7342
2197
5208
6215
5947
7590
7894
9231
2259
8493
5282
8124
4875
7097
2268
1851
801
6285
7599
9122
7246
9149
8427
9616
2926
3741
1895
9353
156
9623
5560
5329
2938
6734
1530
8515
9735
8398
1490
4858
6085
7681
4509
6683
9074
1137
5049
4783
4999
9990
6707
3350
1438
4390
8926
9445
6062
2919
986
2413
7061
1283
6272
4446
2546
5933
1755
8269
1706
7121
1099
5491
7862
1788
7185
4303
7129
6480
8663
7008
3802
8282
9856
3517
9030
5066
2843
2598
7484
803
947
3568
4411
1932
5813
5077
397
1731
7512
9144
8146
8161
4887
2124
5720
1275
6839
993
4455
7133
6563
4977
6018
6987
2610
3117
1927
798
5191
167
9274
946
980
5401
8589
378
4907
6242
936
6535
2378
6187
2277
9248
2095
2064
8809
7969
594
9148
4350
4749
8912
1712
2546
6140
9627
3087
6963
8741
8725
4552
4865
4150
7651
7154
8249
3689
3080
4308
5279
6259
4293
8732
4449
873
814
9644
7721
2423
534
6421
2265
3327
7149
7942
1720
7700
3058
5345
4119
9566
3136
6532
4992
920
7594
9403
7782
492
5564
2050
1381
8069
9126
1921
3524
1790
3831
659
5819
6019
2878
4815
5414
4380
7721
5435
5153
5138
1017
1258
6059
5644
547
3025
607
5869
2690
9100
3900
4204
8990
1140
597
4912
486
5942
7571
1725
8165
3479
7107
1482
513
7902
5267
7398
3696
8484
7124
5931
1645
9220
5505
3931
4568
9372
6673
4731
6459
880
9100
5197
9823
2586
2489
8482
6202
2950
8830
2863
3056
4650
8797
9648
197
4106
7143
2460
4472
8712
6573
1950
2313
1587
8124
927
2942
2804
5208
4612
3796
9372
7926
1453
349
3972
2925
516
5954
3948
8469
8319
9930
1910
634
8432
3964
6819
4154
3886
7585
7981
8565
4191
8950
5202
8506
2775
1435
3137
3688
5384
2704
4829
413
7468
4247
7397
9492
8667
7527
9160
5435
834
8201
9687
5940
4335
5096
7039
9387
4546
8761
9589
7870
8673
6436
3518
7209
9821
9569
9171
695
6771
6394
6508
7417
514
4456
4857
3775
9090
8670
9568
6453
2010
7055
6916
361
7196
537
7315
2985
8222
7738
1569
2346
5971
6135
1848
5880
7116
3139
3964
220
2748
6257
7667
4505
2541
8182
6148
8646
5461
5971
2915
4895
244
3720
1420
7029
7379
8857
7077
4379
8628
6404
6803
8876
9799
2922
659
8080
2906
2202
3299
6766
7233
4027
6715
6018
672
8542
6350
4698
4047
4093
5973
3087
8601
3304
9538
8567
938
7669
1666
615
1883
5483
5853
1236
1941
5184
9977
3336
6636
3948
4898
907
3334
5586
1383
521
2766
3220
4376
6714
4211
8130
2939
9316
603
4089
6055
4591
5534
2048
8375
4011
7160
7484
1359
7288
8001
2198
8913
7568
6527
3492
1255
1596
4415
191
8614
6436
2185
7880
5107
7767
1076
548
1377
6241
9983
9974
8384
4737
2147
622
8283
1881
8178
1097
6909
4351
9238
7900
2648
7085
1396
6990
2756
3764
3002
955
8849
2644
5452
4563
5185
5507
2633
7738
7106
5100
4578
3396
9982
4871
2440
4509
3195
6737
6932
5264
6587
4262
2683
3834
9480
567
6911
672
458
3541
8357
7064
207
3631
1644
3219
5870
5432
5469
8350
1140
620
6925
7681
8275
2104
2034
7750
5796
3620
2485
4637
8615
3316
3229
6282
8412
3929
7078
7495
4327
2618
2404
9480
970
2038
3601
7294
4772
7887
4704
8907
7079
3033
5525
2371
2904
2841
8503
9294
3845
8149
5231
7217
2677
6641
4923
5105
9495
6389
7286
4017
1466
4612
6566
3827
1084
2188
3411
4963
8486
3691
7448
4094
1267
4842
5326
3813
5869
2573
482
8056
1819
752
4732
5493
2018
5221
3403
8205
6496
6600
8772
3406
6788
3278
5174
6026
3056
949
7383
5904
5373
9504
5847
7156
9724
9039
6961
1722
622
2728
8074
4169
6430
6650
3153
581
8135
3330
4999
2689
6818
3386
2082
1243
6800
7754
3821
5378
9490
184
4931
4080
9553
7214
7250
6599
7419
4247
7012
7985
3609
8964
7495
3759
2539
9856
2923
4184
1060
4661
3710
5040
1460
5039
3499
6088
7851
3535
5120
1908
6413
7212
9440
3132
7990
5580
4203
9145
2241
2057
3380
2738
3827
8320
7996
9443
5743
2066
5875
7669
8871
3855
8112
7341
9547
7063
7826
6202
1179
2636
1660
7907
845
2094
8194
7767
7156
7457
4438
926
2980
7582
767
3453
7915
3392
1948
9343
9978
808
9730
2772
2924
5688
2365
9217
2766
4048
2588
286
3821
3584
3082
4669
3066
5479
2266
2194
8059
4553
9710
9750
9801
1956
4283
9754
4210
9045
1848
7636
9820
5760
937
2058
1202
618
7647
8520
3036
3573
2375
8974
7772
3897
8900
9640
2424
1164
9843
4748
6750
4959
1650
1467
6630
3157
9624
3266
648
872
9844
7339
7563
7159
8310
6854
4262
8718
308
2008
8063
4359
4595
8338
1036
3927
8270
6715
6010
9964
4030
1359
6402
4823
8282
8949
9610
7697
6451
8843
334
1037
9995
2209
7173
3121
9313
8051
9072
996
1299
8576
5984
5129
2159
1776
2521
6171
8383
421
6203
4378
7116
5334
651
9803
175
8736
6067
6432
7976
7318
4787
4848
9427
8513
8454
733
5126
396
1215
1613
2555
8283
265
7363
9465
6467
4267
5194
3069
3322
5620
6895
159
130
3783
2948
7463
6487
2101
484
7091
6955
4954
7465
4482
8159
5504
6724
7841
1413
323
5762
1038
6184
4990
9531
3650
518
6844
8134
1585
9923
1916
335
4485
3984
2952
3905
5816
6230
4235
3488
4598
8098
6847
9230
5562
7906
6803
328
4138
8965
112
9766
8401
9267
2809
2355
494
9051
2809
2967
8394
8178
7409
2593
3087
8029
3048
9162
9600
7307
1201
357
7807
5403
5613
2024
3129
9080
6307
4892
8260
8098
6525
8099
3233
2963
343
365
130
6525
2464
120
6291
5804
5486
5000
7524
5669
8210
8167
9843
909
6115
3598
3807
8983
9853
4903
4649
3914
6135
8726
636
4020
7303
7147
9459
3088
3074
1344
7900
4547
313
6059
6067
7436
5374
7936
2364
2280
3349
6878
4325
5670
8067
9699
4113
7811
2381
1696
4700
398
5207
1458
6392
9759
9108
3670
7868
5239
9142
2126
3258
3441
6755
7647
3059
7678
1129
2166
2883
1438
4740
4251
9785
5538
5444
1139
5562
5387
6647
9035
8571
126
883
6515
9361
6688
9311
4798
4855
539
2073
2650
7036
1941
7246
9237
5598
8012
6594
2001
8325
3717
2741
3339
178
1541
9374
9337
3737
8029
2061
1244
4541
5386
9974
4659
918
1830
4521
2449
7949
3244
8337
8498
5082
6182
7352
6328
6417
7725
3732
2296
5593
889
735
7849
8910
4194
9770
9970
5538
8899
4700
7915
6488
9734
4288
8552
2265
7626
6756
6453
7931
5523
6225
8019
2365
2373
8139
869
4993
7557
7963
765
3533
7774
6580
6600
8844
5312
786
9585
3335
3823
3560
4935
1902
4123
3541
1737
2700
3347
7650
616
9881
7068
1019
2596
6704
1825
8185
8783
2513
4501
8105
1917
7445
3236
8767
6204
2463
5570
3450
6742
5658
4269
2868
9575
9115
3418
9630
2494
2100
3483
4495
3901
1842
2709
8448
3248
2589
5527
9317
622
7025
8770
575
9426
3012
4860
9076
4061
489
8672
4605
7759
6828
1686
9629
7030
8936
7927
496
5454
471
1123
5095
9410
9021
3564
2181
1983
456
1907
8986
5549
2252
1852
1604
7167
1588
6929
2367
1724
2416
683
7435
1587
2116
8913
4873
6062
1898
1729
8293
5655
7103
7305
9947
5313
8262
8126
156
1124
9556
3497
9628
3219
5232
2209
1198
386
4938
1777
7011
3030
6835
5572
6241
5447
4113
5312
1583
4796
5726
5979
7324
6031
728
4728
1257
9085
6932
7482
6791
4122
5725
9525
2153
1602
9973
4271
8806
8263
4764
500
3120
2743
1255
1053
8865
8816
9717
4666
481
2903
6606
6267
7885
968
3180
3701
5984
2506
9322
3410
8335
6404
9496
1195
7939
8340
7973
6356
7392
5945
6452
2365
6030
7481
7070
8847
8298
8971
6273
6523
6577
735
2072
3520
9638
9800
7967
7328
9156
9461
7346
8319
2254
2798
2706
9682
8359
6387
2329
9206
8194
6827
7499
1118
9008
5845
6841
817
5187
581
6978
3508
5934
5103
3933
7181
3821
3113
6523
2597
5486
5944
9130
3866
2864
9250
7770
6763
964
5311
9275
7341
1175
9773
6795
6943
5917
3187
8934
4919
2388
640
3497
6210
9798
321
1051
3000
6811
1130
3652
6979
4229
9436
8682
3152
1510
9407
4535
5012
7096
9272
6559
8911
7728
2768
4168
1195
8121
4061
6712
5455
8150
2606
1493
1265
9019
9092
7008
9018
650
6130
5806
6187
7368
6440
9179
8164
6397
2232
5655
4111
8928
513
6540
4306
3637
5077
8247
5466
2347
3457
3060
6901
432
4578
8396
6519
4291
6319
8759
4575
1088
1264
5937
9366
7997
914
6180
6704
350
9874
5806
2009
8310
283
8445
2940
8623
5090
3054
9499
1876
1215
2573
1542
9184
3901
357
6340
5579
1513
5303
3688
4159
9604
5034
5062
5083
816
7546
2090
1647
7980
5349
4356
7790
6155
3950
4655
1916
7236
586
7018
3598
4914
3635
8011
2349
5368
1774
1535
7161
9724
6461
6648
1085
6503
4017
3258
1238
1151
1371
5772
5943
1088
2009
3024
5270
1223
2298
9075
3262
4636
5890
2655
7540
7720
655
4714
1944
3828
7971
5344
383
2138
6417
7555
3125
4383
2800
8435
2907
3791
310
5039
1552
6690
7756
9229
5325
4334
8736
8291
7759
7724
4601
8246
2099
9811
7106
1062
2518
1960
4000
128
8720
9191
333
8487
5599
933
7795
5768
9212
1929
2178
3253
2998
4949
7505
6929
9583
2507
4313
6852
4101
1878
9784
6466
9050
1200
6327
6381
9918
7521
4831
5747
7479
2154
7740
2002
2650
2648
2044
6828
8424
5082
4616
6265
3802
9506
2148
1789
7297
9015
4710
9779
9549
2067
8954
3235
2097
8465
1625
5425
8511
7378
4809
5420
7383
2413
6773
1383
1793
2516
7824
9325
6477
9160
1227
8938
8709
3243
3017
1785
8968
8087
5651
7647
3740
3200
3380
8115
3256
464
3761
9711
8193
6858
7473
8142
3327
4635
4533
7242
749
8397
9419
907
7583
827
6009
4687
1248
4023
6698
3631
5729
2952
7713
8053
8475
2625
1286
903
1633
6559
5356
1123
3179
7811
3826
7208
5935
1674
5763
8297
491
2600
2689
7059
1961
1889
9294
3155
4097
2257
3756
4507
2825
4090
7699
6566
9385
8932
2620
1157
6016
9908
6794
5413
3349
3715
2258
6002
3925
1312
8636
3203
9121
6957
601
3224
678
1969
2551
6974
416
6086
1216
9204
2367
2205
7217
1113
7474
4755
855
6704
1810
8603
8660
3142
7244
7383
4136
8310
7617
206
4616
5308
6050
8097
1349
8719
9253
1427
8559
5542
4470
1380
8038
5258
8479
170
9262
8972
2673
9696
8661
1770
9296
688
2465
9347
6049
6300
3740
266
4956
6545
4529
9693
9666
2732
9727
9901
2677
8678
6524
5083
2259
9864
7053
9231
6922
2029
1888
5716
8997
5262
1189
666
6586
3328
801
5229
126
2483
3505
7425
9044
7865
5400
9405
6215
714
1054
8441
4152
1878
3999
1800
4277
1878
3123
6878
6935
640
7061
4692
3063
4678
1381
2258
7499
1015
596
7812
2867
7987
2338
6655
8377
1828
5586
1252
8341
3259
9190
7881
8834
3658
9676
6488
140
465
153
831
7133
4379
1545
1709
2528
5802
7480
7298
6539
7152
226
5898
7016
7810
2985
7131
4599
2545
6269
1375
1003
2589
6863
6742
4075
8141
3502
6825
6974
9525
908
1038
6160
9056
5563
9851
1529
5300
6563
2774
9904
7179
3894
6827
2588
6495
8978
4735
2481
9343
6187
8343
4845
3353
4756
350
1235
7093
3646
9724
2041
9257
7343
5153
235
274
1240
4866
7136
3475
1308
6403
7714
2598
9814
8354
2909
3146
3463
767
5155
4600
6268
2047
4063
5415
3766
7049
7537
8192
4289
7964
915
5315
6220
4290
7442
7365
2951
1069
5065
9373
2274
5487
5765
7193
3530
4982
1575
4236
1251
6754
9961
9781
8841
5704
4204
1368
843
4896
3403
9157
999
9644
2639
6308
2548
6030
436
6115
6521
2638
7515
1481
4184
3879
888
7680
2987
6922
7658
1971
6793
4329
7576
9222
5191
3790
6927
2552
3288
2438
290
5313
1524
9141
1018
5963
3539
9376
2896
2690
6479
941
7591
461
8852
1049
8486
8856
786
1273
6184
4484
4081
4751
1113
914
7539
7589
6116
726
3336
2473
544
3445
8459
2474
9729
3010
2690
7355
6901
256
8023
8226
6477
7809
7107
1135
9124
8958
354
3715
8851
4245
1864
1927
5752
7559
547
5943
5201
2336
9267
7670
6766
5968
5479
8998
2362
5028
4648
6094
6344
3789
7014
6414
5620
1328
501
1343
9779
8902
5143
6300
1589
8199
7412
3238
3689
5144
8252
2506
9565
3425
6472
4177
9380
7793
9602
7806
395
440
2599
1450
7609
2341
925
3604
1742
5942
5383
1761
3390
116
8240
885
4690
1236
5102
3218
7912
3957
484
7190
9172
2693
9051
2268
6471
770
8453
9548
6547
7063
2221
1859
6324
2547
1482
2842
8908
3135
6093
6185
1375
3267
3115
5542
1303
6503
3688
5125
7932
9609
4306
3992
9279
9609
494
844
5491
385
3227
7528
5715
332
1359
9447
5699
9528
6912
5449
2740
3659
1973
5970
3130
5337
291
4215
4468
373
2238
4073
1840
3540
6543
7275
4564
8824
9790
2968
7233
5472
1564
4830
9541
6258
9687
8755
8544
4538
737
8337
5096
2227
9213
9573
7769
4576
8663
3045
6042
4913
3002
124
9800
8941
4150
6327
5772
7282
777
6055
2716
8944
2553
3444
6190
4649
1004
8449
3778
4058
9558
942
7021
2058
867
6465
643
7468
5605
9256
5112
6827
2790
1805
7570
9107
2892
5394
6011
3821
9755
2743
4581
6343
5531
7209
7381
7265
5106
9027
4763
999
9318
734
9682
4606
5386
2400
285
3402
7347
3673
3316
9223
634
4923
6979
7576
3923
5003
8795
7818
1960
7055
7202
5909
4254
8010
4139
7868
8817
5517
1185
3855
871
8148
2707
7855
4460
1857
6972
6284
6620
392
3494
1074
992
3417
5798
3684
7411
5510
6223
3864
9523
1942
7370
2412
5762
9004
7429
3010
1420
7316
1159
2357
9730
8632
6335
2073
1696
2165
2712
9929
2656
3209
9561
4210
3176
4542
7084
1636
4986
2854
5095
3494
4336
1441
4548
1074
2469
5008
1829
633
9191
6823
8922
5401
8041
7495
6532
4911
2404
8754
897
5746
4147
372
8794
6052
2214
8241
5682
1556
5523
7370
8787
4482
6344
130
9741
1681
9290
3325
2561
7675
1077
9288
1570
9589
8561
9070
3828
6088
4084
4661
309
3772
852
2164
3549
2725
5547
6491
7315
2710
8002
773
742
9321
686
4690
6554
2393
9225
7156
3098
3689
8908
2375
6436
7208
1392
7862
2608
684
4932
1327
5473
9098
9693
6000
6198
3000
7295
1936
4310
5824
4191
7332
2832
6667
2317
9699
397
5172
4671
4126
9998
3716
3757
8849
6391
7549
7520
6687
6660
7343
3078
7693
4457
7355
8661
8803
1636
5493
3723
308
6548
5310
8917
5626
2536
2242
6917
8726
381
7524
992
7654
8015
241
1808
7623
8348
5462
1436
1071
9822
2389
3486
5054
4030
4334
2187
6365
1479
6794
5547
7726
6295
6308
7659
855
5787
9756
6260
8555
4205
4227
4499
6915
9154
3154
6558
7134
8483
6279
1070
2704
6881
9723
7143
8838
3376
2727
1701
5390
8437
6525
7398
6327
7148
5439
3698
3197
3142
2589
6081
5901
2928
3152
2493
9358
9253
9587
6804
5508
8160
9541
4614
6661
440
9579
5973
4895
7561
3648
9906
6247
6752
8182
4657
1239
6082
5475
6201
8662
6438
7950
6926
7917
2260
2046
7968
623
349
2797
5940
4576
5900
727
7013
2813
8347
5919
3967
3586
592
383
9450
8576
2934
143
4842
4072
2614
8527
7422
5772
1996
7114
5174
6645
4437
4544
1388
4807
9839
1971
5590
7197
609
8601
7290
3484
9089
4878
1566
5756
2744
2075
4865
5089
6730
2517
7028
9082
7577
5567
6675
5763
8631
251
8507
9205
3054
3727
5892
3238
3772
3988
3138
4389
3069
9617
2305
1515
6114
9341
4646
5545
5124
2171
6046
1447
7504
8580
5755
9138
5387
1275
4116
7497
6782
3939
1877
3657
157
4607
4450
1114
7488
9806
1727
8135
112
7297
2811
3981
6122
5169
9356
1847
537
7405
3121
3123
4149
7051
293
9820
6929
2761
5162
595
1695
4655
2424
1720
8164
5110
1277
3460
8174
1568
5688
6613
2451
4594
3338
1977
5665
1726
3809
2252
7503
8911
6076
4641
4011
9375
4137
8353
9220
8516
3965
9240
9865
6386
2233
8027
1556
3135
2412
8007
2315
6520
710
896
8046
3188
3844
462
1083
139
7793
6022
8962
9305
5725
9071
1811
4798
7769
3199
3229
8240
6867
1203
4107
8781
9240
4221
4015
5679
756
7256
2906
405
2886
4005
1183
1764
1315
8691
772
5397
3605
5743
6187
1216
2598
8203
6257
8953
7164
9155
9568
6054
8642
6283
808
1244
2194
3366
2661
1294
435
8488
7963
5619
1450
8962
5407
3594
3875
6230
9728
1666
2236
7558
6369
7272
6916
7726
4829
8601
9799
4132
6528
2204
604
1051
7577
6021
8846
7316
1119
9356
2559
2650
6164
4461
7368
7364
3619
3011
9162
6157
3524
2300
2307
866
2963
2081
2902
354
7911
3823
1202
6395
9495
8937
6331
9000
9837
9005
7387
3302
8644
8338
5970
2269
9179
9336
278
3503
2293
2296
1992
9416
1410
8002
901
1111
8558
3754
6577
9078
9681
3802
6478
8151
257
7268
2713
2121
6371
5433
8056
6592
3764
4467
6990
6300
7351
9181
9694
3619
1715
3214
9220
8349
528
991
7443
1702
5921
5664
2070
4702
5916
8695
3857
5313
3727
5353
1256
6681
9019
7486
1985
5233
6132
4073
9935
5077
3132
7812
1993
923
2960
3108
2634
3105
3354
9269
5625
4236
9772
1005
1812
1471
9087
5655
4349
7656
4801
5827
4880
6671
3019
8698
8615
5558
7878
2561
819
4957
2566
3838
5245
288
9105
8530
6256
8038
8137
7727
3360
9745
2220
1132
7839
7650
1727
1763
6022
7931
1492
7641
9729
5816
8822
4034
1477
2507
7775
6705
9660
4390
6529
3056
5757
4133
3852
5887
9743
7852
7795
6543
8930
8748
9317
2236
4342
6149
3934
7435
1277
5654
7362
7323
7670
8967
6973
9107
1910
2637
565
1696
7935
1130
7194
1877
7494
4461
2740
1259
8894
3264
4549
8305
3847
6987
7183
9298
6302
3964
9565
8599
9438
2973
8547
8206
9491
3109
148
5813
7467
7926
1345
3048
7829
3386
7302
4714
835
8413
1260
8451
4508
1230
1517
3394
4301
9974
9778
9651
8416
3286
6366
5830
8393
8669
6630
8950
8830
6347
1365
9412
4718
3295
201
494
8002
608
9355
702
9362
555
1301
3249
142
5463
4584
2226
5995
8177
6128
8219
1613
614
1423
6512
3115
6893
1937
9289
8572
3389
9526
2846
6147
8298
7820
2961
6202
913
1960
3369
9398
8885
8102
9095
1146
3779
3886
4026
2768
4240
8465
6851
5312
6621
1422
8248
5874
2030
8457
5280
7813
7128
7484
5959
7362
2157
4559
8060
6680
2669
9057
7731
4000
6045
4622
2962
3962
3296
6303
792
9142
4777
3813
5247
414
8218
9608
397
5457
5061
2145
2345
3471
2542
6745
9583
1855
3641
4234
1136
2754
603
3758
1146
343
2953
9567
6186
6583
3467
5484
240
8246
6977
9431
7618
440
911
7814
5356
6718
2635
7618
5568
3460
9759
8794
2303
7827
1405
5583
9073
5667
5806
7100
7995
8958
3114
6175
8488
8667
2756
9400
4844
3317
1860
2105
6288
2797
4059
5784
5443
872
4879
4649
9332
9434
1248
1758
5311
7219
5159
2320
5248
4129
9342
1635
3948
3568
5582
4191
739
4998
5919
4850
4401
6485
7575
6358
976
1972
4194
8559
7485
1223
4261
5156
9489
9154
716
185
4567
3632
7436
8515
8803
5386
4670
2940
5338
2805
9062
778
1040
5762
3741
6256
5525
6772
750
1922
9111
7216
4615
9746
156
2647
9577
3321
1931
9853
1289
2405
833
6733
9225
960
8449
8962
7942
4146
8256
9034
8370
1989
6690
3636
8335
9185
4245
5351
967
6257
2727
442
7602
9663
2061
3236
9049
3027
3364
717
9598
8059
4803
2631
2692
432
3494
5110
9314
5874
7366
7318
8900
4664
1686
3785
4565
7111
3298
554
5749
6235
3553
8400
4481
9709
7792
1753
3250
6024
2819
581
2344
7065
8291
5172
3402
6065
4265
6511
5173
7521
3079
6881
7425
4983
568
5688
6427
472
8767
8637
9582
6307
6262
141
9340
6999
5531
4787
7067
8560
576
7092
1541
8326
4218
3885
7649
2077
7278
1709
3780
4271
7894
4070
247
1372
4846
1190
3046
3023
1041
6403
4427
8380
4976
1191
739
4761
5158
702
3286
3977
4842
830
5842
3952
3301
8896
7131
4603
4381
3600
7471
8489
6964
2892
5085
6287
1238
2790
4236
6142
1474
6637
6291
7032
2171
8292
4667
1991
3242
976
1617
3069
5302
6084
1399
3329
6704
6898
7594
4172
7580
1171
6349
4736
9294
4662
8517
746
3473
8328
9971
4099
2250
2031
8538
8128
1263
9758
6412
155
7080
3849
5492
8716
9186
3913
2012
9977
7243
3007
7389
3367
7134
7704
8020
9777
2779
2144
4013
7915
8989
1968
134
2251
5719
4246
7910
7638
4686
3739
623
2808
9228
206
8181
8102
4897
6212
8703
9668
3879
1130
1680
1600
610
5318
8016
7820
1963
2909
1610
5837
9444
543
4694
6695
1950
4874
2916
1360
8128
2500
5158
8482
5571
7735
7874
3519
8055
6379
4211
9537
735
7786
3695
9164
908
8323
7989
2374
336
1773
5982
4979
7042
5415
8493
6507
2412
6043
9746
6014
6032
3641
3061
7657
3259
6796
4829
6757
6245
8309
5162
4757
6661
5039
4698
8142
4004
3683
6803
783
8158
5881
8994
1908
3210
4092
2741
9299
8286
8036
1474
9619
4446
9713
9231
3352
7045
5792
4627
2960
5455
240
8362
1465
9644
3400
3524
8685
8900
1077
9438
1827
250
1117
2420
3311
1329
2884
9613
1940
1399
3716
6810
3876
3558
680
2226
958
3947
4524
1741
1742
8260
3610
4391
1641
2701
334
3602
708
1523
6459
8779
2994
9895
8907
2419
4287
7646
8608
9668
4939
6986
6958
1950
3954
2698
3472
3317
4739
2205
9057
8752
579
4929
2108
3192
5980
1224
9108
1520
4910
3825
9592
6936
6162
9507
5282
4453
2170
9549
9275
2464
4865
5369
9432
3026
9103
8849
7443
4823
7548
5039
8100
9539
7569
5138
3193
1750
924
8282
1107
1121
1644
7238
7454
3705
3091
235
6949
4110
2134
8822
109
4430
6429
5410
5872
2961
3979
8241
6697
7935
6488
4635
2760
5228
7341
6407
8574
5278
8144
501
9572
6227
5046
5283
4412
430
7171
653
1353
704
1657
9647
2002
1701
5785
4383
2654
4429
6675
4849
2084
7755
5225
3977
1580
4231
3479
2512
1741
4696
5318
8939
1257
2251
4069
2414
959
1867
1154
2527
9925
2724
1682
4889
961
6529
8696
9676
7244
7324
8861
7625
2739
9313
5660
2193
769
4693
7950
6822
2743
6711
970
1909
8869
3398
7634
1959
4929
8383
8186
9906
610
6107
8374
2246
847
7263
2387
5403
1895
2128
9563
9143
5200
3061
7300
6446
7245
7690
5203
5898
4304
976
4097
4842
7771
5469
817
4645
9349
233
3984
2916
3936
4624
9799
3986
8131
8566
6052
8770
9670
8325
8217
3686
1047
9565
4271
122
681
9037
1863
244
930
3457
6751
9065
5085
9305
1946
2333
790
5654
2017
7110
2900
6987
5608
4614
9313
3342
7445
7087
8918
2342
1595
910
9829
2761
2385
8086
5086
8484
3936
9383
6800
5369
5336
5913
9533
7310
3049
5662
792
5780
8281
232
1009
3236
4257
3117
4233
4200
7728
6418
2761
7417
3576
3584
1174
6070
2998
901
9234
6522
7905
7659
2098
3685
7224
8730
800
5879
1943
1168
2822
878
495
2990
5706
1753
7240
6151
518
3582
2382
1606
3760
3434
9713
902
5838
8901
9947
2294
1913
7816
4002
1602
8543
4439
3667
7036
1991
2999
210
5114
8828
7891
8890
5284
6357
4636
7235
1909
3991
9388
6162
1300
1570
3724
1072
4419
6545
6893
5518
1887
6411
6683
7913
1584
9132
5382
3332
9252
6984
2984
8773
8053
6376
7355
5306
3662
5461
4631
9973
4568
6732
6869
8041
4336
4247
1182
636
5145
6969
6738
3528
5030
1220
5495
5439
160
7047
8085
6302
5843
2135
8641
9774
4182
9627
8164
7941
7313
1808
2264
8668
2797
4514
5180
969
244
7326
4142
6929
6828
3088
2619
336
8032
8960
7031
7443
5472
2144
1434
2716
862
3504
722
8298
9738
5494
5185
3744
8196
1876
5565
8465
9006
4311
4535
8102
3276
9328
7226
4921
2870
2132
7696
927
9769
9284
6221
2812
5966
1069
2794
1622
3071
7514
5105
9520
6420
2654
4483
834
4676
2107
8588
9199
6640
6219
5587
3426
5475
6131
5550
5954
9191
6274
4921
5212
7737
343
4251
8410
4979
6026
3023
650
6912
8268
6805
6155
5458
6835
6021
3414
1676
323
2553
1889
4467
1105
4802
958
7816
8003
8884
7655
3139
3586
4315
1105
4194
2567
1628
487
622
369
6728
1669
8658
9637
1931
5108
3488
8580
4254
5813
3563
1089
1351
2431
7061
7368
6086
8395
1049
9381
7566
3267
8641
2135
4492
3277
3219
6973
4930
5188
5503
650
3080
6242
7085
2264
3089
748
2866
2042
2573
4466
9046
7888
9434
1171
8576
2111
1099
3084
6567
1621
9492
7535
158
4788
6562
9393
5128
8397
6594
5921
8124
5340
8814
9351
8046
656
5155
9705
1840
3942
3276
2857
2675
4725
7501
2064
8768
8905
5149
4698
4064
2328
6441
8024
6487
2886
2024
8644
8771
7138
4728
940
8480
7980
9490
1238
2609
4936
4366
7836
6954
5706
2286
7769
136
3949
9185
561
1057
2912
1983
4916
3310
5967
3877
9344
238
5738
216
3539
6905
9189
8389
7278
2394
4230
2335
3324
3798
9416
4336
3765
2421
4424
4322
3399
5140
4166
9944
4949
5735
7266
7131
7260
5139
3054
6385
6446
9662
8247
1038
995
9089
7728
2847
4419
4657
207
3477
4419
1433
540
6336
1636
4253
7647
4537
5991
5639
2157
5877
8015
5229
1244
9069
8491
7366
1819
3109
2901
8683
2869
3873
2321
5956
584
5142
8964
7204
5232
9029
6763
9933
8787
1802
4789
9523
9888
289
3473
8212
4213
257
690
2772
4871
479
243
3290
7537
6925
589
5713
6507
1353
8602
7162
9314
2978
6256
6777
8324
7136
9182
4352
8952
5787
519
5405
1651
8827
8255
8660
9308
824
5118
9221
1782
3543
7260
3881
8391
6058
7036
8230
5778
5167
3570
4377
4920
7690
779
9240
8067
3159
1533
1289
3847
7348
3970
3921
7360
399
4828
7017
4580
9593
2172
8807
9227
5866
7517
8994
9924
9434
7961
135
5124
8311
6725
2439
9434
3237
8487
5361
2059
2704
925
5558
349
4202
7624
9591
2110
5644
1401
4325
8593
2930
6252
9900
6154
2582
2422
3853
1154
6419
6392
4044
1974
8099
2502
3373
5364
1661
5836
4720
6941
4228
5945
8620
7175
9969
1036
8491
2833
9422
9779
5314
6598
4579
6915
9124
3118
8744
3281
3814
7573
3375
639
472
9386
6583
1987
6041
7132
2054
2123
9354
696
8411
3327
5811
1235
6598
4993
2562
3241
9494
4777
2518
2096
7905
4015
163
750
8298
5567
110
4560
2406
3224
853
5778
4618
8761
4736
6537
1323
5425
7067
5788
3627
7972
6830
8316
8537
267
9139
6652
8737
6543
7899
8312
3551
8617
7805
3033
864
5349
9099
3380
2965
8572
3671
9125
5693
5774
3219
5298
3324
1811
5627
1175
4306
4107
4797
8992
4478
7678
8461
492
8767
4033
9974
6828
5340
7316
6924
1740
8665
5924
2128
2096
3550
9211
4021
2024
2456
6511
2843
6870
9163
2561
8363
9947
519
5237
8662
3820
9996
6622
9102
5544
2289
5055
4613
4766
6808
9602
8718
4442
6075
7646
5500
353
6443
3616
445
2311
9816
9102
3418
5200
6374
6332
657
5681
5825
8177
8883
3667
2429
4236
7519
1538
7333
2975
5428
1324
5069
433
8746
1201
537
9549
7375
2929
1934
8624
4075
6380
4908
3921
5959
890
3986
9730
2204
607
1862
3675
5762
5931
9753
4867
2431
2570
1835
2403
2507
3510
1977
5910
3599
7702
4593
7025
3282
6259
737
7230
532
4536
2256
9197
7234
5456
8084
4254
7675
3759
4205
6787
8453
9843
9502
4190
356
9997
2171
7795
1622
4739
4103
5008
2435
3510
5478
8345
7081
9514
6764
9710
9511
6428
2438
8980
2617
756
4539
4695
2991
7639
1366
2362
8980
3570
1803
1712
724
2437
8762
7503
4427
7792
8323
7205
7161
8463
9189
8925
5233
6600
4909
7264
1125
3212
8021
276
5060
2210
1285
4119
4193
2930
2075
2812
6798
1570
5640
287
4356
3605
206
1175
7980
5409
8427
9180
1990
9053
5752
4032
2054
3832
2401
997
6360
8017
8586
1086
4673
8809
3837
9147
1560
1001
8383
184
4572
9759
3971
8465
1903
6859
5120
6594
3127
5036
3525
1978
1986
8721
9665
9616
3196
1199
3612
2454
5960
996
5924
7803
4517
9532
1942
3317
9527
2787
4920
9446
8545
1191
7203
3112
6624
9087
668
6333
7926
669
5470
2857
9532
4748
1197
9697
3168
8957
797
153
8301
3918
5808
1048
7778
8139
8182
6362
8201
1447
3092
1760
1325
4564
400
7321
9020
9897
1000
593
9944
6243
9877
7313
9866
3806
4518
5071
5894
2941
3213
3767
1537
801
1710
167
7642
1652
3630
1020
1711
9333
207
8566
243
1273
8481
3958
538
2867
5258
2955
4286
3065
5487
8525
3446
8368
8340
9932
4070
6269
8954
3072
8451
8024
1080
9844
9353
8048
801
4391
1095
4014
6653
7173
5661
4575
6570
387
7485
4255
9723
5843
1930
9975
9969
7087
7637
6909
1582
3606
714
6301
1339
8521
1134
6369
657
1112
8180
8254
8783
494
7530
3182
1272
8901
4917
2758
4581
9154
8776
4063
9202
5166
2036
4908
7383
486
1141
657
7535
6114
580
8487
3514
645
4044
8258
8174
2710
9463
1214
6505
1392
1213
8654
8186
4658
5951
9327
2479
995
4798
1270
4229
6280
2503
414
8354
118
4227
1085
2149
8356
5151
6348
1078
6233
3131
9909
588
5707
1674
4832
5732
1674
9708
7318
1538
6023
2628
7384
3587
9048
8697
9169
1493
8750
4914
2901
7727
2770
2855
9849
10000
9747
6104
9569
9954
5522
4140
6064
4782
1192
3158
7966
3062
757
643
7439
3842
421
2531
3414
8068
1140
7596
9048
719
6878
7648
9094
9625
2080
9242
9039
5747
7153
4962
7125
1622
3624
1066
4064
1449
5112
5981
8236
6537
6297
3446
9087
1241
6511
3930
9746
4428
7609
3097
3996
3314
6583
447
5398
7536
5275
468
4105
6591
4307
9207
2905
3581
3495
7568
7031
9950
686
4164
2967
2371
671
708
9458
5026
5550
2664
9286
9294
1191
8841
1235
7371
9807
5156
9630
7900
3449
506
1567
7564
5359
2891
2176
202
9287
5545
205
7419
7088
3812
3143
811
7903
208
8935
6291
1472
2475
1785
3310
3244
3740
4257
3719
7753
7207
3307
3961
617
2253
6849
1705
4118
2254
4491
2825
4878
9677
3759
6164
365
2292
4357
3409
8007
7292
5259
8206
2408
6249
4526
3928
6922
2054
9344
5331
6603
4538
7130
4946
5775
6256
3309
6122
7203
7498
412
3380
7564
5861
1926
6871
5292
9695
3309
8490
3146
115
5190
442
8924
1950
9805
720
6431
3101
4182
8295
6092
3351
4288
6542
4931
8094
2120
2254
6003
6189
6841
3309
441
2861
1316
6521
8085
9542
4455
1434
7349
6967
7560
9227
148
6775
9191
6585
3991
9529
8632
7011
3532
9054
9150
6107
5774
3493
6878
532
1443
3911
309
221
4852
8061
2750
428
3499
4630
329
9210
7933
9767
3138
3050
1563
3793
195
4546
7364
941
9743
4744
8019
5921
7515
113
4380
7844
9556
5386
9358
4072
2042
3743
9257
8684
1449
8951
9418
2778
137
9429
2057
4910
467
3634
7112
4301
1551
908
8688
9681
8758
2255
5404
2810
3179
7535
756
862
5424
4000
5712
4339
3306
1446
7368
6876
6702
1433
4723
7058
828
7528
1872
2970
7832
9460
6155
9249
2900
1613
7179
5601
4561
1513
4063
2079
6939
237
2519
4211
7613
2562
5607
3018
2315
9346
4631
1008
6358
9301
9753
5328
3747
5580
635
7500
3362
2970
6471
6885
6569
3370
9956
6333
5408
8879
7286
5076
1259
7661
605
1335
9477
9183
1714
1703
7087
6696
9370
5414
735
8020
8680
1642
7284
3213
4555
670
7597
9653
5098
3736
7149
2159
1938
1902
7248
1733
10000
2728
7687
1595
8787
4937
6928
9295
9104
2699
1869
8289
146
9200
9444
1748
3364
4430
7089
6386
2281
4675
8424
7994
2090
7797
8295
8257
849
1454
169
1220
2608
5490
613
1432
5705
7344
8816
4714
8584
214
1922
9975
7308
3797
6848
6536
4731
1209
7184
1130
680
5477
5855
6129
829
2514
8075
8629
4941
1256
4348
4291
5954
3035
5247
4028
6915
3945
472
9707
7657
9725
2324
651
5173
4467
5171
375
6246
4161
1878
8382
1950
6575
5472
4272
386
715
7834
2435
7225
5112
7038
9844
2654
3349
8911
4038
6951
5774
3660
3269
7141
1045
5704
887
2402
3081
7086
4491
1321
6815
3371
855
8697
5200
6637
4030
5631
5777
7650
6808
6196
4157
2111
4693
8574
7258
8442
5450
609
2160
1663
9866
8164
3469
3056
833
387
6593
5385
5499
2441
5382
6706
187
1660
2627
8544
9429
1997
5485
6343
8982
2103
2178
8688
742
581
455
7788
7284
5395
3800
8452
7530
4009
7481
2672
7834
8614
1616
8808
1108
9292
1926
7236
3857
7499
6150
554
8640
4343
7270
5633
4683
6365
7309
9904
9510
4336
2773
5693
2364
5452
4820
8283
6200
9521
4354
7983
6169
176
7488
2425
8434
3213
3842
6032
4522
6072
5633
9968
4871
2084
1006
6876
5968
6951
1662
8423
1085
1414
7007
4097
6937
8333
370
9142
1096
5375
2944
1041
8184
7562
8004
2078
1242
878
9132
8842
9154
8666
3833
9830
6030
2256
3606
5859
5864
7874
1248
3408
9061
4285
2730
2824
5508
8432
2854
7782
7791
1538
2785
622
8966
259
4623
7525
7075
5756
3705
331
3812
3540
6310
5835
2940
433
4011
5670
4777
5978
8142
5761
4465
7013
4443
7893
9566
1724
3753
8636
9087
3035
3645
5311
3937
6011
1942
6900
4768
6737
4036
6408
110
3791
3216
2311
7104
385
9543
6145
9341
7649
1008
4568
9845
9294
2051
7012
7397
9325
2971
6405
9680
3661
492
5697
3197
8169
6923
7782
9179
5227
2140
9752
154
603
4691
5618
4902
9890
1274
9350
5560
6739
9914
2924
1739
4627
3989
8795
5775
1119
2997
551
7171
1115
5924
3722
3192
2149
7853
4855
7300
7457
3261
7205
4316
4970
8459
4094
1095
1934
620
2918
4683
8698
902
141
6765
7306
5476
7638
7749
4741
663
5070
3926
9436
3502
7104
6515
7371
9586
9802
7047
4194
3607
9014
4033
4647
2109
7420
8473
5695
2357
1939
1281
7680
6118
8583
6893
6249
2845
3757
5861
5244
9076
4228
8799
5117
8378
3654
9736
1109
4138
1027
891
3256
6006
3283
614
3782
2323
251
1683
3123
8795
5196
944
1260
3668
8015
2209
8831
3839
3290
2407
3121
9452
9271
9146
7713
1113
9734
2568
9198
9933
7038
9074
8319
3655
4752
1107
5143
4557
5066
1449
8540
2463
5506
4632
9830
3457
6012
3850
883
3867
6313
4244
1509
5668
9363
3758
9219
2609
7813
756
9728
8458
4698
8783
5716
5770
388
9898
2169
7596
4100
2219
373
1450
8682
7642
560
6176
7824
8806
7317
7937
1081
3005
7761
4290
8277
7373
4113
1492
2679
8472
9942
3241
6615
8440
9387
9983
2733
3912
7218
512
5241
763
1096
6799
4838
4586
8915
4699
175
7097
7625
1854
2759
1559
5006
9195
3883
8051
1170
687
9984
9090
3866
6175
3040
5194
9537
9827
7483
3769
7608
9367
315
4289
2668
2719
4413
727
2704
9893
677
5587
9879
2548
9050
2094
4753
1243
9505
690
3915
8754
8357
8988
7654
4058
3016
9057
8683
358
5826
3213
6520
5437
2252
117
5067
6090
3030
274
1839
9610
2675
2202
9975
7909
3185
9979
8575
4041
8562
7306
7768
8580
588
3402
3547
5483
4721
5738
2943
7304
1255
5309
1206
7229
3268
3839
1743
7429
2792
9325
9635
6871
6526
7712
1192
6674
9573
5538
2246
1783
827
1589
1720
3312
4289
9155
5162
997
3364
9934
2216
9419
8706
5957
2924
4769
1714
6883
8341
5937
6464
284
3141
2269
4795
3651
6914
2371
6486
2572
5845
2358
3816
7573
1884
5233
6776
1199
3189
8695
8585
7224
2574
4147
7658
9993
1816
8850
1476
1720
2851
6754
3741
7920
1436
1249
2822
8167
784
9562
8805
5951
6095
5551
8476
3976
3992
5044
3998
1113
2683
8148
1561
6493
1579
5766
6167
4802
770
9651
6333
436
7716
6667
6382
6755
9004
6291
547
3937
4192
9254
4355
2936
177
9086
1234
5444
3766
3615
1215
4795
5404
6410
2479
7715
7087
5744
7151
9008
9683
7612
6111
4132
5008
8106
9058
7782
9050
1498
5847
544
2077
8486
522
4346
5120
3823
8397
6986
6970
6106
6146
8513
8128
4413
7662
8491
4812
3562
1438
8099
5803
520
5414
1656
1881
3606
2811
3724
7645
363
215
183
5142
6254
6080
751
310
294
8203
1395
5704
1289
1337
7665
8494
1659
8566
3746
996
9270
2376
9344
596
805
2735
502
7541
1558
6895
3334
1642
8852
9173
6983
8090
4855
1361
5297
8978
3854
9150
5170
1895
2328
9007
3385
3134
3690
9472
6116
9615
5382
4210
5508
455
2315
4345
4883
8672
4239
7650
8077
8802
2533
6473
7122
8791
3597
4144
6262
8104
4809
2064
9376
2402
3527
7637
3690
5462
8421
5707
4653
9100
9109
4335
1886
3233
6262
3748
2746
5965
9370
8179
4145
432
6247
9303
2620
9519
4169
3613
7208
4894
4569
4923
1175
6501
5122
5748
6473
5578
8570
452
5919
5276
9119
6805
9991
3272
8874
756
1460
4992
3255
680
4010
9020
3305
1694
5772
9829
1600
4103
8877
8722
3953
8163
1755
2671
7423
1396
8703
679
7522
1411
9102
7877
7093
4935
6178
8851
2758
5282
1359
8158
400
7616
4202
9899
2543
3645
9272
5340
8787
5613
1739
3380
5922
4820
4769
965
9021
2027
9609
7931
8560
1028
5737
1260
9085
5093
4366
2478
2179
7285
4986
8176
3974
8072
6267
5030
8217
8921
5329
6781
5955
8461
2739
4837
1603
3546
1245
4545
5395
5323
9707
2495
664
5278
8034
4979
1954
6364
9606
2451
2130
2955
2948
9842
9219
5151
7145
6905
642
7039
3214
7487
5644
7394
7807
2023
392
4105
9106
2672
391
1135
3478
9128
8000
5707
1084
5221
4669
2841
9758
9810
2762
8535
9823
1775
7449
5171
2136
4884
6743
2279
2024
626
1343
8515
440
1258
6366
5561
6519
7228
8957
1815
8464
948
8011
4009
1511
6122
3839
9971
5037
6880
4398
7125
2977
3656
4778
6010
7483
3301
4145
324
3889
7152
2733
3554
6452
3122
5824
2839
8715
8942
3842
4239
9786
4259
5959
6442
5249
8597
6350
4381
8674
7454
9278
7948
1406
7338
4381
7198
2488
3158
9788
3173
7841
3077
6609
3289
5497
212
9417
9728
1391
6593
2760
7017
7383
5360
3010
6041
3487
6756
8391
8875
2861
5555
2546
3037
111
8548
1499
9545
2861
413
6810
9504
383
7393
7870
3821
5880
8752
942
9555
1476
7340
3969
2096
8962
5753
9908
4419
5083
3380
8108
6564
3670
3413
4835
7241
7550
5355
998
8201
5068
8038
9436
9667
8132
5428
5311
7011
2607
4797
6212
6961
2342
814
5336
8292
1520
6646
611
3256
772
6126
4238
7613
1995
6678
8896
4558
6220
9929
2681
6192
7774
5628
3812
2479
8685
6899
2263
4778
560
6173
2800
5253
7540
7686
5261
4822
8141
970
4167
6945
8521
4561
6288
8138
4225
6797
5091
9175
7944
2862
2662
9444
3734
6564
7605
8341
1272
6676
7560
8751
4269
3600
6246
6648
2632
4216
8284
3312
9350
8032
7503
4014
3432
6426
7064
3031
5748
1879
7167
7824
8145
2084
5411
2648
909
191
5005
8160
3909
2871
9463
6486
2340
531
2849
9120
3660
8808
6717
3587
5856
6183
256
7931
2897
244
6021
7337
3918
3953
1518
6488
1888
7675
3589
2696
8942
5912
6953
354
3531
9044
1860
1408
1164
585
6117
8911
3917
8736
2097
858
4526
5805
6420
8313
2277
6135
9569
6614
8372
6861
1240
6235
8867
9964
9773
8031
2021
368
1685
7939
3439
6515
9081
8699
1806
6221
3507
2023
1518
1384
2719
2612
728
1201
6363
7364
5943
254
7075
607
8317
4250
3451
4313
3865
9745
8752
7002
4516
3960
1899
4622
9661
4565
5171
7550
4061
5762
650
2054
6364
6490
8678
4315
2032
7842
6178
695
6940
4807
8870
3699
4099
4165
7238
6344
5788
9346
1113
9348
3085
6839
5817
6313
5025
6638
8628
7447
6286
8670
673
7375
9846
1769
4091
4782
2697
7049
6750
9759
8281
249
5112
4639
8494
7980
7543
2030
6665
2237
9947
4736
417
2190
1804
6248
2769
4259
2276
4340
1631
5405
9339
253
6020
6692
7268
4519
9786
8345
509
6081
7172
9644
4646
5681
7985
6447
3313
9526
8217
7477
1325
2885
5353
8769
3715
1527
8143
8147
3034
1228
3437
1338
4615
2549
7073
8652
3063
5558
1573
6343
4080
8664
2490
6523
4217
8009
3478
8327
739
9642
287
7853
3608
9352
2958
2937
939
7100
2176
9663
6166
6105
9311
1230
5161
5543
4775
9913
2179
1738
3109
1093
2273
3401
3351
4411
8883
4020
8038
706
933
5887
2852
8296
6936
4262
5905
7398
3663
9472
2607
1832
4122
9136
2869
1554
1320
4961
3001
146
6078
4578
1536
9775
4577
4515
1436
184
2038
9487
2066
8583
5321
6455
475
3979
4356
2092
7567
4212
4537
2512
4524
4994
4438
663
5565
2767
8611
5755
3181
4165
8330
5320
2135
4168
2123
6610
6845
7568
4791
7684
1818
7859
7742
3085
2277
4475
3577
8687
2646
2714
4564
7860
456
857
7762
8718
8368
1054
8687
1622
6561
2292
1845
1660
3815
8262
4413
8634
7399
2451
4122
7253
2779
5987
342
7083
5369
5993
6576
7426
702
5456
3147
3903
6816
3675
7954
764
7381
1013
1765
7732
5139
7752
1783
5072
2633
5944
2796
5327
9427
5383
2300
1405
174
2333
6518
3631
6324
1296
730
7971
6233
8122
2720
9136
237
8124
4628
3715
5059
4223
8398
8972
3884
2220
7067
3940
4366
2219
6265
1423
2913
3225
170
3799
692
7589
259
1084
7375
6016
2519
7439
993
6976
851
7055
2082
8525
5774
4921
7568
1618
6316
2860
1452
5032
497
751
7183
4497
164
1026
5845
6355
8451
7041
9870
9372
1091
6895
9274
9663
5713
3094
4499
835
1567
3534
3203
793
9827
1526
3451
1703
8516
6135
6864
345
1219
1310
638
4852
5301
376
4112
7540
3237
764
6927
3941
484
5484
1325
1217
7124
5017
1490
9026
5874
5627
6226
9079
1405
433
4165
5183
7216
2001
5016
1545
8771
2992
8974
7316
5141
8452
8376
5324
8023
9661
9459
7714
1630
2864
1432
5956
6273
4809
8981
1362
7456
7638
6004
7689
4058
9848
386
4480
9325
9582
8346
3012
3030
5051
8817
5508
7642
311
2424
869
8533
574
9353
2468
6637
2837
7797
860
9088
5997
2841
9713
567
6171
3915
4556
216
4062
4956
2624
8387
8558
4908
9363
8101
6712
6932
7943
4944
6249
2207
8896
302
4739
9935
4927
3681
6026
9211
8000
8296
3449
515
943
9645
3688
5100
4412
9419
3634
4612
5635
152
3928
5450
423
1770
9678
1760
8713
7813
9177
4536
3613
9327
4935
6149
683
8816
4058
845
5704
5815
3638
5715
7175
5304
2930
5065
6088
3025
299
1413
578
5035
5323
2983
2789
8730
8062
9061
5095
9515
9475
8198
3904
4458
868
6275
1550
3845
265
4970
5582
9277
5964
2031
8046
5003
7249
4248
9955
8727
2836
755
7832
614
2433
3501
1046
4834
2382
6863
6518
2000
2149
7952
549
7944
1629
8379
1596
4416
7393
1327
7091
1400
229
5091
5522
2860
5364
3423
1749
6214
8343
7947
7144
6299
7245
9067
6001
6188
6987
2825
2246
5251
8229
1821
5077
1341
7840
5720
6872
6661
2739
4053
9405
8255
5729
3457
8814
291
5005
917
9409
5177
2784
2580
5073
8587
9625
2999
6060
7692
8562
1255
5056
7429
9154
2896
789
6957
2747
874
8352
3691
5995
9640
1064
7609
871
8358
2492
7755
6330
3625
7410
2364
1088
736
4236
3422
1410
3233
305
9927
9815
5422
7085
4526
6801
6585
1813
2808
9585
1348
350
427
2483
6874
8610
6811
788
2663
7940
8312
9979
4829
6125
4874
1092
2669
908
8563
5309
2176
7712
5426
7629
9593
5694
9394
3163
3208
8370
6305
5793
5363
5785
165
3038
8344
8703
468
2002
2674
3795
4469
1692
1759
9012
2286
7186
884
7882
6057
7110
7475
5178
5780
7767
5837
8099
2765
8366
8482
4271
6264
1802
593
4904
8520
3545
7781
2713
407
2484
4529
1521
930
9210
6623
3719
2888
2244
2834
5208
598
4341
9030
966
1926
8624
5388
7271
4639
720
8820
5149
6880
8597
8548
1890
3191
8974
2712
9588
7225
1100
4293
9116
2299
3802
713
5039
2812
5215
2027
9884
5566
9776
4025
1891
8628
7105
7600
9264
7509
810
8444
4195
7239
8522
418
4885
9118
430
2574
2382
9520
3011
3292
8225
8861
6066
3366
8289
8296
2088
7206
3148
3048
5230
6300
9344
621
477
5968
8723
2532
2580
2315
5908
4579
1256
7503
8187
3647
4602
2903
6044
662
6858
5551
3631
9221
623
4541
4773
3203
9078
2507
5817
7616
858
8573
1145
4820
1468
3971
9410
508
9243
7841
436
9041
5752
7603
5388
5519
4451
5291
9084
5109
7917
3609
9033
9163
660
9674
1418
4450
5002
1037
5257
9159
7329
306
1429
4808
1333
9705
4657
1336
6520
1271
1876
9775
8376
3375
2039
168
6498
3145
7661
7135
902
5778
3695
5533
6538
2983
5222
5862
781
6667
1149
5104
1687
8963
7840
644
1094
714
8870
2904
5602
7827
3954
7235
4098
4189
3684
4422
3746
7828
7123
6184
7676
7027
1707
2465
7721
882
781
4126
1848
6040
6014
7598
7251
5988
7330
4279
7979
6707
2325
3761
2757
2349
4412
9604
6106
9853
9414
6234
2011
1491
5879
5755
609
1448
5502
7272
5510
2899
3380
8759
6754
8838
2437
8172
3393
4839
7931
7229
3347
4484
8060
219
1526
2830
385
4469
6068
1197
7994
4751
6858
3025
8505
8015
3649
200
4808
3700
143
1002
6695
3623
1195
7221
6620
6120
2962
708
7662
6645
5455
4512
8057
9861
8888
4595
4924
8029
8824
7376
9274
4447
8554
9147
4917
607
2667
3239
2266
5267
2510
4185
5632
2604
1786
642
3948
9332
3211
4835
9146
4393
7387
1816
6426
5053
2629
2618
7143
7176
7649
9368
5192
7752
5478
6197
268
7454
6757
9195
5355
9709
4608
1178
5808
401
4448
3585
311
7265
3728
1628
468
5376
8234
4932
7124
6486
3637
4391
5250
5858
8300
3868
2055
5438
3303
5649
5023
9585
782
8832
3674
414
7284
3899
3565
728
5735
8377
680
7883
4605
6890
7461
6749
8905
8291
8125
925
8128
7413
6869
5751
9166
4274
4006
2261
4972
9712
8359
2325
2450
7284
6352
6141
4318
5596
3035
3525
2897
7140
3896
5676
403
8072
9617
4355
8345
3759
3820
6301
646
6492
4543
7827
8795
2911
2272
7038
8688
2018
8342
8422
1929
144
4208
4921
2828
2660
7023
941
4182
6981
8830
4807
7597
2119
4072
9935
6683
3838
1986
5590
3549
6606
9620
3709
2920
3768
8902
9772
4799
4927
8047
3524
4675
1914
495
7021
1990
826
2583
6797
3303
562
481
3679
706
5218
7859
1235
418
7187
6072
6871
3182
7416
466
212
6235
1851
6540
228
5236
7448
9828
984
6431
5312
3431
482
262
8133
2504
9243
7710
6329
3483
4106
4092
6040
4094
475
4294
7559
7963
927
4039
2355
9703
5273
9514
7789
3849
3915
9704
3712
3374
3900
620
2150
4480
6567
5265
6278
5726
4404
7681
3010
4775
9431
4988
8100
1112
5112
8958
4918
9018
529
9118
3156
930
477
3315
4144
3634
2086
9200
3119
3595
1450
5757
1168
385
6801
551
1215
5128
9622
4456
7883
9649
7354
8488
6273
5694
5348
5123
9388
2903
3695
712
344
8569
6205
4775
2821
5635
5900
4167
5508
4323
9052
9431
7852
7895
3324
1290
9676
3081
5612
9550
918
5970
2925
3771
9853
2969
257
3688
5576
6972
8313
5199
6482
4198
1992
4804
4798
6743
2319
2308
5005
3571
9049
4952
503
1749
4126
5772
1296
2332
276
8767
4302
5130
7657
6711
1573
6474
7237
8248
1087
2749
4234
4974
997
4109
2906
6516
5542
6351
254
9003
6560
1171
3787
5326
8139
2699
8050
295
3719
4641
1220
8122
2060
894
2755
2787
1028
567
2884
441
6254
2105
7543
1333
543
1609
4726
9470
9802
6263
2288
2696
2233
6013
9681
5432
4956
2041
2268
1447
3299
7438
9039
6845
9108
5256
1544
4491
8556
2160
5075
5511
9370
1411
160
2696
6631
4894
3999
170
8745
5301
820
7446
6087
1006
5919
9100
9264
2191
5120
6261
2332
4178
8918
5540
4196
2513
5534
5702
610
1072
3296
1695
2534
239
8621
1244
118
4629
6369
4978
862
3781
8225
9994
797
9248
8096
6814
7689
4292
6987
2243
6944
4941
8864
2399
8663
6883
5932
9126
1549
3467
1639
5778
7993
4416
3525
2292
9442
5128
8084
1138
9984
8054
5194
1281
1980
5306
6786
360
5884
3772
6079
2393
7390
4684
4741
4452
3698
5842
2370
1803
3928
274
1003
5890
6762
3541
2761
2259
6818
8075
9457
5694
752
8808
7246
460
4965
7331
6978
5977
2788
3159
2166
3239
9330
2173
3332
3336
7449
6998
271
763
8100
6964
5556
6455
7470
7909
1675
6511
4591
8347
3572
8875
8507
4877
5454
5845
1176
1738
3753
4154
8819
6656
6573
262
9640
2957
2826
9379
8106
8229
881
1976
9954
367
8062
3291
6927
3455
8538
5767
7058
8992
3231
772
7001
4792
8895
4379
4454
7660
3677
6978
6979
4627
2896
3485
3306
2028
3477
2081
1258
2614
947
9418
7486
9521
7908
6794
2375
3092
3295
7624
9338
2071
5441
8096
5101
1693
4320
3120
1689
795
8301
6909
1934
2795
5114
3523
4812
6829
5498
1668
230
8360
8929
2358
2939
7182
5517
7122
8970
9917
8481
1637
3218
6528
4398
7657
8036
3963
8647
1874
9488
4761
4480
2769
1837
1681
6064
819
767
6683
5619
4049
2381
6481
2083
5007
8146
2135
4554
3155
6342
1498
728
100
9152
4961
7861
4945
5247
7021
5378
7553
4214
2088
4042
8591
2382
1767
8951
2691
2512
4794
1361
4369
7509
5260
2141
9514
6328
8546
3870
1945
9897
7633
1910
8944
6733
8619
6432
344
2203
5176
5649
8434
3261
5094
5851
6387
1039
6191
3111
3346
8259
916
2972
7715
7047
4117
1640
6475
5670
8897
9750
8579
7258
7221
1094
9406
1204
8775
4942
6725
7521
6579
6656
3598
1681
5111
7493
4804
324
6848
8745
1920
6141
6203
1361
9056
2650
9515
4164
4306
6811
4274
4251
2399
5654
1552
8319
9035
890
7605
2102
3986
337
9160
4932
1754
2506
6171
5698
4028
4279
7550
5942
1452
6601
5935
8662
8924
6217
5537
582
4174
2985
9656
9316
9484
2021
5396
6505
9767
4678
5820
2903
6438
4323
7920
5400
1171
4084
3965
1966
7152
6040
1759
1359
6248
5366
4275
6098
7247
6839
5327
1527
5505
5977
1079
8776
8697
2415
1805
2886
2740
2129
6540
5420
4908
6206
8376
8345
2985
9834
6000
3446
1271
7204
8779
5289
5114
1526
1210
130
3413
8690
2415
1197
703
6165
1915
9217
4286
4787
8861
1538
844
299
1072
900
1255
635
8262
3237
9815
5378
7507
1572
8435
7317
2591
2461
9508
2977
7351
8150
9959
1230
5184
3211
4177
1864
1642
5877
8311
1303
5842
6093
7791
9150
7301
3455
8650
9045
7516
4794
1556
4796
8343
4361
5719
1852
7865
7113
819
9820
3789
6752
418
6865
8028
8007
8380
7043
9863
3270
6334
9404
5515
2360
2735
2917
5026
9927
2445
815
4386
9451
8030
8786
366
6948
2173
4520
5667
7206
1980
1855
6397
4571
6849
5735
1359
1495
4610
969
4486
1146
3378
4466
8613
1842
3295
5826
2597
1143
7963
1016
6810
7182
6632
354
3776
8364
7752
6862
3868
9781
2117
9895
2442
8535
5065
3970
5375
1873
7295
6961
7771
3142
2464
9290
6005
6050
9545
8276
8498
7080
8625
4696
6831
4044
8131
5086
781
1375
5498
8407
6017
6103
1878
293
186
1363
1807
1247
1355
5864
6782
8840
1602
1756
2123
7744
5831
2273
1496
8394
813
1122
2286
5670
2202
1262
813
7770
7558
3991
3472
6402
1711
1917
7744
6505
9423
8893
3263
9048
3567
5293
2619
5661
6736
8239
4443
942
6332
249
4628
8270
3651
3122
4890
2965
6099
305
7877
3884
6294
5225
8058
5439
7269
6904
6219
7817
3404
9306
3507
1506
2551
1262
1279
8528
7853
7575
322
9980
9778
4765
3602
7363
8177
2858
3699
1436
5813
9960
8751
8487
4922
7781
4437
9813
2230
5366
3400
5252
632
6825
5253
8237
5190
9302
8908
7683
1023
9237
7766
9912
4868
725
5555
9658
824
1459
9703
8253
5592
1262
2464
7286
4434
1964
1187
7099
8122
7631
1167
6009
7556
4441
2052
6201
230
7494
407
6282
9293
1002
2194
8890
2358
1044
733
258
4553
1790
1285
3083
7981
8481
8061
757
2576
4569
3107
5538
6194
8459
6422
6198
3713
924
8755
741
3067
4416
6115
5442
5153
5084
1394
2092
8026
7801
6694
7905
3372
6703
6696
1238
4923
2729
5401
857
9350
2406
8571
1137
9471
9247
9282
5456
8126
384
8372
206
4866
8285
7132
1783
4386
469
5147
9515
8380
8962
7949
6079
9795
1398
122
9949
7749
3722
4128
5800
1312
4759
8982
8845
6548
2818
8209
8746
5007
9763
9699
8005
7942
1466
2508
4994
7970
7757
6833
682
6114
2793
1384
5996
8825
3678
8788
7597
2959
7935
4781
1060
2495
9251
3707
6773
2441
9058
4368
5167
8046
1243
9135
9931
8507
8613
8298
9644
4415
5961
1898
7278
7790
3847
6835
8171
6443
6167
1324
5698
4274
9484
1973
2050
9644
6510
3204
9770
7450
8560
8738
5848
324
3223
4458
9691
2647
8697
7933
9719
4682
9045
8826
9090
5767
1516
7422
469
7876
9692
1868
9280
3706
337
6951
4800
5112
9480
4524
8578
7369
9513
4183
4222
1336
1632
1862
2770
9284
6289
344
4087
5400
9476
9913
8034
6827
2788
1657
7204
1468
5706
6740
8423
1744
2622
2870
4554
9317
5658
1792
1031
9274
1929
9272
5289
9479
3621
9255
3410
4884
323
8709
9986
6872
6946
6996
1558
5562
6566
2736
5928
2471
8251
3351
2018
1859
9160
3798
5527
1312
9916
1713
8780
329
4830
5097
1025
1802
1422
2311
162
5118
7585
9347
5227
314
9300
9461
585
2688
1508
8730
8565
1659
763
7448
8833
8326
5446
6986
3143
5811
3863
2388
1021
7465
8493
3904
3775
6067
1910
7595
303
9963
4923
4098
5747
2223
2201
495
1707
2321
8398
6986
419
9028
7385
6511
8178
6677
958
6866
305
2545
1950
7374
396
5637
2242
9857
9960
5829
1039
8152
3304
839
5400
5664
9175
2202
7796
5507
7624
8615
1843
282
8574
3293
3003
2702
7059
5702
2164
1784
5332
6938
1023
223
6136
9527
2500
7117
7649
5764
1120
4071
2225
7635
4645
2260
6223
6550
3593
4652
179
2451
5622
4654
7399
5706
4229
6016
7597
3736
2077
7960
6043
7061
1061
6123
3157
8244
2800
5488
548
4185
3963
9031
4612
234
4788
8290
8289
9913
6774
8964
5126
1240
4032
7970
7053
5339
5299
2037
4448
7696
400
7309
3572
1720
1688
7864
7685
6473
5240
4188
6752
5119
1584
5261
8540
7336
3636
6830
2678
5346
924
4791
1906
9607
8563
2604
4991
4342
7296
4882
8966
3688
5606
1043
6041
3191
7051
8047
263
5373
7403
3899
7898
5980
6700
8731
6022
6895
4836
3279
6874
8132
4222
6072
5947
8139
3402
3091
2299
877
6016
6703
8551
6131
6264
8340
7731
8246
9754
682
1105
1473
2804
6317
837
3365
6989
1306
9169
5781
2565
3019
3192
1190
5275
7678
6093
6249
786
9676
4133
4241
4044
9696
6617
8157
8302
9388
1811
3242
9199
3852
4749
4782
843
5676
9051
4126
2118
2563
9287
5208
2429
3993
1033
5928
1793
5736
9367
5664
7655
1455
3928
4936
7246
2090
9258
1367
9082
1868
8140
2576
6291
3846
5667
2023
3774
1499
6309
9345
3941
5320
4741
6941
3587
8434
8986
2615
2311
6329
8564
8821
2418
1706
4311
3036
7198
4227
7461
5145
486
5968
571
4345
8662
1011
9526
949
6399
4036
4106
6959
7419
4341
2750
6744
8603
2259
9108
5861
8611
288
5495
8743
5706
2340
4807
589
1029
2696
3854
4753
8916
9403
3528
8236
2196
1874
7466
9730
3214
9985
1227
5289
8944
6933
7539
4697
3690
7536
440
9514
4799
7509
903
2271
1282
1952
2489
6049
5370
9270
3475
3277
7316
6894
6572
9146
6811
3160
3834
9089
8053
3508
1143
9716
9265
1382
1410
4471
1575
623
1937
6989
629
706
7773
7836
4907
6048
1483
9834
9419
692
864
8160
5641
3104
2940
4265
311
9324
1386
2722
6467
5628
4583
6960
3092
4684
1836
9403
2776
6674
9848
5487
2412
4643
8365
1945
160
3191
7730
1228
7943
9823
378
6411
2908
7803
680
9089
4988
3097
931
2195
4167
6476
6971
5077
5107
3443
4500
9339
1339
7303
9928
2272
3674
4943
946
7346
9265
9483
7396
1828
8015
7915
8409
6909
1164
7210
2763
8644
3930
1720
7814
5969
3280
4655
7182
7631
5339
3768
2639
1716
9023
1910
7365
1657
1253
3356
5560
5960
7802
7482
6475
1640
7488
4388
7065
9476
7324
1614
5068
132
7521
3207
4291
3229
7896
929
5366
2025
2990
9311
2998
5260
7446
8491
2890
4825
3927
6658
6864
2865
2613
8129
7997
1527
422
4048
7567
6157
4260
3502
8301
4894
205
6443
3061
9488
2946
2733
2777
4956
2576
7715
3243
3277
7726
7772
2391
6883
6740
5215
6694
7610
1093
9804
2506
6744
3369
6468
8550
4757
9229
1170
1172
1076
3419
8304
1389
814
3933
1109
4100
1791
1142
5527
7327
9252
9772
1891
7046
1476
595
3889
2704
3242
233
3238
9666
1121
5293
825
6172
486
5616
5850
1493
5847
5690
4847
1791
2794
7503
3515
2583
8371
9103
5136
2565
4876
4115
6672
2279
7968
5412
4424
5541
9123
2779
7950
1464
2167
4638
6891
3790
9689
3771
6329
5435
7031
1504
4696
2371
9453
2600
1275
2936
4785
1412
4056
2431
846
149
3432
1833
3119
4597
9652
6502
1052
7405
6904
1452
8028
9170
5647
6399
7062
1676
2202
8178
8876
4410
7123
2179
4028
263
3042
4024
4371
9532
8682
6709
8518
7713
7920
218
7730
237
4629
1475
7997
1310
3781
7808
4624
978
6437
6028
1048
1616
1496
8375
1755
4359
8853
5012
1747
4472
3692
2616
523
4745
4566
311
9622
3409
6985
1134
6710
4672
8474
5827
601
9939
9074
9725
1901
7475
8333
927
1621
4146
1848
2868
6002
137
5082
5164
8718
483
3119
2579
7389
5628
3694
8450
2091
3619
5474
7343
8595
9921
2231
4507
5774
3282
839
4424
991
5405
1993
8311
5935
8068
1053
6094
678
941
8254
4293
1391
5341
1418
9694
172
2501
8234
4422
9189
5613
7639
6615
423
3033
6652
4999
8333
2659
4484
3460
9457
3982
3465
979
3651
1870
6811
5531
5663
9299
2983
8834
6136
2373
3300
1676
6077
7322
935
4545
575
614
9920
828
2699
216
9762
5697
8390
2824
871
3472
4798
8318
7234
3928
9704
2177
6563
769
1072
7724
9080
8155
2332
7451
1592
2516
7564
538
4191
7754
2241
6595
245
2784
7436
2133
7890
7449
8496
6851
5920
9620
871
9448
7988
8522
5129
818
5877
8565
7271
732
9410
8497
7617
769
7241
6343
5720
3376
8260
3918
9154
3982
7941
8503
6862
993
912
7929
9250
3175
9754
8203
4189
1357
860
3304
7675
1749
5914
5090
4893
7128
5352
8720
908
4669
4626
7688
5529
8567
8782
5831
6327
5335
9373
8733
1966
5769
8476
5074
8430
8233
5095
7809
5622
1919
3789
4128
9158
7440
1694
8797
2703
6481
3893
8965
5695
5031
6916
603
361
7864
5761
6355
3929
9111
8426
2071
2408
8905
3127
3266
1801
3346
2180
2116
462
3955
884
579
8865
4035
9475
9425
6275
422
8274
8959
7057
7284
5493
9992
3939
6674
8957
6429
4609
9097
7436
6689
2770
9352
2776
8789
5267
7004
2256
9866
1231
9874
1392
3709
901
8141
4761
8870
9211
9512
1945
8349
1505
6069
2106
913
6854
9057
4999
2048
7575
8153
8409
4383
1150
9611
8432
6552
7395
5607
3692
2854
2417
3327
5405
3466
2338
6902
4990
7305
9720
7547
8966
1060
5197
7145
3191
391
2800
479
6637
6284
9689
4412
2281
6698
4709
9209
8690
7998
1103
6723
9179
8276
7548
5973
9361
8346
8799
2603
5819
6300
8095
3008
9953
9488
5467
1777
426
4191
4681
7455
2854
4099
7386
423
4003
694
5921
8778
3983
6617
8160
6903
9008
8612
4087
4747
3278
1366
8951
3231
4480
3751
5160
8423
8962
1326
4200
6312
9409
7757
7524
6659
3469
1644
2986
877
9247
694
621
1676
1453
8125
8560
9910
7392
2244
2522
9223
9403
419
8813
2017
3542
862
917
2522
1139
2009
3184
2189
5072
7646
6500
5245
6904
2643
4761
967
5016
588
2271
8354
2994
7557
1472
7202
4589
3514
5678
5807
6596
4790
1755
5367
7479
912
5836
723
6540
2659
7933
4788
1843
3399
884
5930
3377
2983
7854
1739
2615
6714
9717
2376
6283
8702
1967
8646
2915
2123
474
7538
2859
6636
1055
4232
740
8904
4989
3731
2849
4242
2477
4138
1037
7437
3639
5094
3147
7035
8402
9924
9708
2704
7014
8767
6424
3302
9954
9789
8956
3964
9891
1903
9206
6164
9908
3806
4049
330
8255
8749
5482
8329
1173
7795
4423
4069
1596
7862
7079
1987
6850
2095
6272
9069
2608
2798
5218
5895
6233
3308
6254
5867
8926
3159
2680
4996
5735
8899
7644
661
6270
1898
6839
343
1345
6230
9449
1274
5485
5469
171
1603
7972
1720
4352
2572
1854
109
7750
5945
7091
9678
4450
1994
2711
2594
9176
9677
2242
1721
1656
8919
9078
5752
480
6864
4196
5435
2416
6620
8134
5518
1705
4646
5428
3441
1245
8355
4520
9646
6070
2085
7833
347
7461
5106
6159
2511
1595
7808
6549
4951
1695
445
1121
2534
7569
5519
1356
9805
665
4461
4948
3247
9978
4561
4229
6029
6992
1222
283
4735
6185
4538
3950
9189
2320
4848
1663
527
2916
2941
5698
920
5138
4045
3903
5888
4114
6385
8414
5201
3182
8405
3758
3363
3254
5088
6334
2413
4161
9261
551
5491
9166
3143
2941
9570
1031
2888
907
1279
8510
2995
3033
318
2505
1417
3043
5483
4348
862
365
5998
2791
5754
9173
838
2229
6243
9434
8077
1770
9847
8513
3841
3090
6663
1574
4756
1384
5797
5245
3095
6718
292
3083
946
2055
3524
7827
2834
7978
7717
9095
6204
9496
9575
7963
1218
6408
2670
484
494
5295
5191
3985
9978
6805
5219
6626
159
1387
9006
1637
7671
1392
6320
3101
8645
2512
3045
6512
8939
902
6531
4511
7251
3347
8298
9611
7287
2844
6844
8474
6877
4163
6653
9835
8778
6039
2902
6386
4932
1509
9982
8337
4874
8443
6980
9033
782
5636
8879
6316
134
553
692
8862
6711
1612
9131
1388
1654
1502
7519
6727
4298
9211
1008
2863
4755
5992
9525
8035
3333
6743
7735
6855
4452
1409
8551
4086
7193
6225
1857
1481
4654
5139
9523
7401
4937
7415
7139
2517
4890
8843
3342
7836
5966
5532
9879
3088
6504
8053
8049
8877
3350
5350
7653
931
2515
2273
926
8254
2130
4879
4220
3277
3559
6210
8094
5029
6140
9275
3361
9444
4535
2530
3369
9348
1170
4354
2344
7590
8033
8646
1779
5606
6337
8200
231
394
3697
2613
5017
5268
1805
7707
8572
3533
157
1281
1825
6108
5069
2187
373
165
3269
5685
1548
3124
7064
5864
7144
1581
2469
6220
2043
9803
4310
3185
8251
3805
405
7020
5857
2950
9953
1376
1713
8862
9262
9865
4354
7227
8525
733
3842
3342
9729
6924
8425
5874
8384
7041
5461
4403
3715
9935
1496
1909
4430
1630
4661
6167
3576
7028
9359
9535
3256
4758
647
4882
3099
1834
6401
216
2485
7602
6561
1387
8079
584
2989
4758
1089
6009
9292
6955
7540
1708
6538
521
8926
1217
123
7099
7434
4338
8191
1972
948
4612
4926
4387
436
1531
7719
4416
7811
6327
6982
4782
10000
5289
1219
5155
5871
8154
5722
8573
7988
2121
8398
2525
1015
3173
9076
9784
7756
3397
3354
3396
3268
1479
4670
4716
8405
4621
8258
4427
8599
1199
2631
5644
5432
867
7683
5752
6744
8910
3396
8563
2682
2421
7900
3323
2019
6715
5493
6147
2140
4551
3890
438
9831
5216
354
8519
4793
9054
7441
4942
9810
9261
1658
5339
9311
5690
2478
9435
2814
7501
677
9465
4682
3773
7772
7448
7955
5394
7126
5389
984
1011
4735
1334
3496
2270
2117
9870
1667
5176
4542
1114
3001
6240
5915
7020
2540
5826
2438
4266
1291
1049
8582
6779
9892
322
5271
8060
215
3524
214
1267
7251
1295
8170
2970
6741
7428
2085
9456
7360
9404
3547
9588
6543
6969
5172
9967
7962
7244
9316
7179
5974
5931
9735
9328
6081
6474
9335
2883
2445
2315
3376
4385
6733
1054
4996
8110
3484
7093
1098
2573
3215
3441
5372
2468
3595
1425
7882
3963
5677
786
3139
2133
7090
3627
5457
1350
6575
2579
2625
5175
6662
2116
4065
5983
5616
967
2766
5133
4836
9598
3977
3193
921
2979
5361
8533
6460
4130
5539
2840
6304
8004
7919
4554
7430
5786
8038
8148
9961
4884
7005
9809
5545
4626
715
781
6508
5350
4881
9705
8180
5436
3324
9997
7330
721
1644
1414
3113
5723
7196
9924
7104
2762
469
1286
5058
6320
3601
2074
503
7354
8112
1949
3454
3754
2750
9702
2443
757
6810
8343
8068
7723
4797
4600
611
4085
8340
8016
6201
4654
2280
5088
3143
6461
7759
5707
7241
9161
3327
8237
2746
8091
7814
5129
4751
4690
807
2795
9290
1947
6124
4858
5042
590
7349
5751
8427
6433
8747
1711
2846
548
8295
1692
1442
3177
3393
8803
7568
8533
5259
2944
4217
8780
6639
3412
3771
5673
1402
374
8862
4593
7854
477
9825
2512
8727
304
6600
5720
9665
3919
7185
6931
9175
8387
4752
1366
7454
8008
5503
1400
328
5139
2820
8022
4233
7021
4166
2344
8530
3859
1467
8036
3079
3094
1807
6165
6214
1361
5031
7073
7350
4291
7429
5757
7449
1942
6301
7297
5380
9215
6611
7868
782
6074
8328
5295
9909
9816
6803
9830
6286
5735
3289
4526
6911
7567
8694
3553
8673
2858
8372
1209
4368
2853
9195
875
6958
4500
9149
3245
4305
8088
7287
3925
7461
8777
6822
1924
5753
8449
8928
6809
835
8289
9809
3139
8457
3536
528
3047
4016
143
399
6567
1311
1428
6050
9955
4917
6667
893
6313
3648
2227
6016
9316
9029
7773
5944
4015
1791
1037
3106
5011
8863
5845
7455
9874
8237
9690
7861
6084
6687
707
3010
7832
5817
864
3742
4422
4926
1816
1286
8066
2418
3389
162
6679
8336
7404
2661
6017
604
3950
3780
840
874
7855
782
4367
6321
4337
9919
6501
9029
6965
8246
6871
4699
2712
5883
4472
5289
7557
3032
4368
4524
3965
4424
8780
8504
6498
9295
2331
6491
5130
9213
616
7929
9947
8038
5900
4608
1042
9408
6615
184
5815
1123
8897
160
5160
2852
2940
2841
2993
486
1782
8667
8973
179
4258
9223
1863
6830
1832
3998
4964
2541
4841
6451
9857
2629
4253
1422
9303
806
5067
2128
9126
702
6498
851
5350
5445
2196
561
3551
7718
3263
2092
4362
3894
7698
2425
3621
3709
8165
8843
7512
1508
7061
1150
3348
3904
6813
5887
2636
7712
8086
4835
1020
4219
6774
2626
1869
7228
3300
9125
9821
9090
4417
778
693
4651
2011
3282
2143
4477
8311
4730
5197
3073
595
1226
7998
3051
2133
4761
9384
8655
7519
7236
2379
6515
1977
9521
7677
5564
3813
6361
3440
4437
9987
2361
3966
7629
8392
3867
919
9694
6958
6579
3601
6633
2143
9476
7374
1522
9403
7480
4845
3438
2637
5126
6242
2650
309
334
7285
9880
9154
4099
9852
6054
8620
9700
7136
8523
918
9120
8480
5895
785
3206
5221
8871
2046
9475
3916
6091
5435
9889
8075
2368
7571
7027
3681
840
129
6032
4169
7556
1529
8735
8510
5841
3252
623
9951
7065
2361
1515
814
4095
8691
3133
336
9152
7118
5805
610
4150
4547
4982
269
4304
1056
4834
4557
8705
6565
9316
3902
8271
3993
5515
5087
3585
7079
3324
8998
3021
7790
1023
2907
2294
2285
4531
4379
9957
6421
7022
711
428
6558
9105
7409
6696
3601
6146
8148
4716
2410
3296
9448
7722
4411
9618
6516
7944
1989
7224
4715
6351
7510
5320
6025
8098
9710
8381
1880
2003
634
972
9125
4848
9023
191
1174
8176
8341
4316
8624
1824
8710
6262
4979
8352
3055
7911
4702
1362
288
4012
7034
1457
6305
8828
3426
6373
6481
6153
6793
3918
4385
9993
2339
6502
7745
5701
8424
4786
6146
2423
1728
320
2679
909
6340
7424
7602
5321
5641
7255
5304
5948
4244
6594
292
7927
169
5768
1587
112
3097
6772
8165
5023
8607
5900
8991
8770
5316
409
1078
6199
2272
1637
5369
402
9708
8717
4702
6304
7925
307
3677
5401
8962
131
2790
2995
9771
1666
4699
7708
8111
8651
2974
2991
1126
115
7833
3325
9697
3793
9322
4651
616
3864
7874
1814
5617
4335
3227
4250
4863
5175
6779
8368
7611
9532
4044
8394
7079
9986
6439
8393
9523
8831
6604
4648
2529
5272
5740
416
8511
9067
7968
3762
1314
423
9798
6619
5059
3103
902
7776
6025
4488
5541
3944
9295
3918
4960
9367
2001
3996
4992
7642
7101
6831
9408
7109
6333
2699
9071
6375
9877
2653
1879
9875
5494
159
5725
1352
3721
6519
3602
1712
2091
9155
669
7002
5610
5220
3597
8733
2856
9048
6320
628
3122
6210
2031
3082
2740
4487
4727
3478
4853
8077
5084
1209
1332
3032
902
7432
6568
526
5892
9671
1413
5680
7167
2753
2867
9707
9409
2135
7342
5331
2584
2148
5446
2308
6986
2550
6775
1774
5037
4707
5378
6906
6434
2621
5722
7138
1191
2552
2584
7817
9235
8268
4730
4283
3263
2184
6932
1334
9352
5245
1474
2587
154
9929
374
4747
7231
6457
3179
8075
9202
2447
178
1063
8131
1014
3938
6901
7625
6662
574
5701
5745
3035
759
1479
6249
8300
7737
7270
3514
1512
590
6684
6977
612
8211
8681
7087
7564
8334
281
4707
5943
1454
5938
2205
6103
4185
2438
1342
3764
8855
2806
3863
7474
4602
9331
184
1090
5986
8790
5214
9964
3666
7894
8869
6025
1380
5380
143
3064
9737
4362
5362
8847
6298
8291
137
9389
3136
4661
7756
9030
2864
5203
4912
6392
5994
5570
8913
8739
3202
8652
8122
1793
2046
3681
3779
222
7000
449
2850
3973
9797
7542
5636
5429
3098
5338
2781
4660
4095
1547
647
178
3125
5112
5792
7889
9645
2794
6250
8171
474
5716
8509
7410
4885
3756
7622
5894
4421
9883
4577
1533
6836
5339
4541
110
7709
6765
5565
6399
5576
3118
7865
313
312
9960
7548
7279
3310
3883
6628
7538
6215
3393
7701
3493
573
5557
3332
2414
8794
2016
1160
9341
4810
6820
8134
8230
3640
4076
1134
4461
7407
4715
3154
5647
9003
6609
6917
1451
5786
5109
6812
2207
8533
427
1976
8065
2875
146
5693
8257
8847
1952
7628
1919
1584
5159
9415
6013
1981
7342
2395
2463
9066
2212
8434
9240
3711
1962
4549
5395
1833
1533
913
5051
9462
652
4254
5722
890
7352
2214
4316
6710
9344
8121
5267
3546
2819
4335
4346
2454
6509
425
9378
8433
3785
8652
7615
5274
244
8603
2790
4992
5133
7763
9478
908
7345
992
6739
2159
3570
184
1101
1359
2534
1296
3547
5788
757
7333
3354
334
766
3034
4593
4341
7888
9548
2811
6175
8209
5507
8336
1266
2196
6860
9281
990
170
3666
3052
6075
9313
675
237
9309
3126
1430
4567
7057
2293
3267
4286
3590
4483
5219
1306
988
990
330
1786
4542
6717
7018
8555
7061
765
4449
1263
4538
3472
4071
2427
5763
9177
9257
1423
6853
9620
9823
2334
9687
4027
8064
1655
6704
4460
4480
2685
8628
1631
4021
5095
321
2417
9450
8890
1559
9932
776
5676
1643
2343
4357
6542
9553
8124
5966
9502
6340
1754
8111
825
7916
2235
2339
372
4350
2467
2545
8669
9953
7499
9137
1133
2164
8208
1524
9215
3833
4872
427
5396
6509
6332
912
2231
1346
4767
5831
2567
2497
9790
9525
4745
4437
4612
7472
8002
1939
7205
7629
7568
6197
9721
6364
1484
5243
6622
895
5609
1304
5797
9653
7183
5197
5430
4317
2146
2063
2167
1439
727
5152
7890
4606
3306
845
9019
8525
9462
2035
6386
175
794
6901
6101
9845
1036
7449
7025
9595
4978
9339
4975
2034
1104
2761
5724
5943
9997
1433
2102
5304
6148
7882
6785
4496
5794
8940
4005
8482
3993
2474
9170
6604
673
441
6063
1879
8468
8079
6103
8039
2853
7702
2735
5256
5366
9477
9257
6174
9326
439
1137
3150
7576
8374
6564
872
8966
7702
9184
7589
5533
1498
2555
4186
6991
7174
8277
1973
6280
3366
4089
2594
3240
5719
2765
8001
4739
6913
4936
6014
8422
103
1159
9756
4789
6981
1239
2751
1085
8441
1768
2210
7144
486
8111
9697
6963
3173
1151
1193
5241
8461
5079
5541
6415
4508
4097
3597
5639
2577
5564
9631
4247
6562
2264
1432
7714
4995
1175
3990
1110
2431
8423
3293
6860
7541
4540
1840
6620
1032
9684
4535
1287
5235
6085
5847
3447
7191
7579
4513
2805
4942
1157
4808
2088
3866
4508
9687
813
2705
1137
8571
3009
7627
4141
2834
174
5961
2636
6875
4214
5882
6830
2339
465
6991
9390
292
1964
9589
9124
486
3248
6410
9776
1368
2044
6989
1740
1228
3594
3749
5632
8714
7609
2507
1745
3289
2661
5989
451
3774
5739
1503
9707
4970
9212
9193
9646
4293
857
1348
5883
6277
2181
8484
1657
3585
9613
4163
3882
7803
1467
9760
2606
4467
2934
3994
1653
6303
5635
4419
6947
9980
3049
9186
285
7246
2185
9585
2192
9595
9440
7058
5677
6159
3023
8423
6680
9951
3660
3446
8725
7976
9108
392
9321
8342
397
1959
2153
9709
9020
8859
749
9571
3043
1418
8170
3402
5944
6731
4146
6875
2061
8756
2435
3226
690
2863
8918
2048
9255
5818
8199
3613
1085
3289
4869
3813
7317
5585
6904
6393
9775
8514
2935
8713
7470
8902
8328
5953
2189
6247
8763
2324
9877
1455
8730
1507
2972
5441
2162
7988
6719
6908
1284
2430
9345
1933
2085
3266
2993
3063
4520
3435
204
3471
3358
1610
7517
5160
130
2151
2064
1030
8720
3816
4184
8178
9101
6659
1287
4140
6912
626
4219
1810
5527
3109
779
6597
2787
4690
3567
1613
9562
4371
7278
8712
5520
7604
1057
2659
696
9554
5253
7966
9532
9428
701
2611
9184
4917
8417
9573
1596
8024
3934
8831
3977
5558
5346
9108
905
3726
5968
4785
8372
3827
5476
3092
9491
2258
9964
1573
917
151
7100
6295
2529
3274
459
3187
3279
2188
1699
152
4799
1992
7458
8909
242
6276
4278
2096
9915
8451
2581
721
4717
7371
8014
8190
347
3486
2117
6664
7908
3858
4068
9590
9538
8975
7802
6642
8729
1546
9508
3518
2864
8308
3304
9373
4130
2306
626
9915
4314
1705
3421
4468
4105
7278
8901
1294
7776
4374
310
4584
5529
7217
2014
5206
6692
8244
2320
3462
4596
7602
9841
4034
5596
4912
4162
4518
9876
8278
9510
2109
5114
3676
7151
8410
7415
9659
8324
2842
2742
9235
1409
5681
6825
5527
3769
6371
3395
892
2895
6242
5047
5517
1919
9761
7406
1620
3339
1439
3848
1328
5571
2359
9573
5987
903
4286
1663
318
6151
4415
2662
8795
1050
5137
4973
4922
9777
1483
1010
4840
3522
733
6530
4368
4436
2906
2728
7166
5963
7846
1425
5189
3271
1492
7697
7535
5192
3655
9023
3460
5395
7344
517
2254
1092
4570
7430
6653
4370
3602
2788
7122
7275
1991
4675
8783
7258
7742
9454
4195
951
3389
2307
854
8240
1769
1662
8924
2479
7770
1935
4143
4612
9472
1544
5822
9606
6235
6205
3414
1998
3631
6220
4296
9138
6434
2630
2826
9391
6406
8606
1077
9860
2378
2077
6270
6510
2192
6266
4800
4916
7575
3990
9018
4765
4141
9432
9215
8020
3384
1566
2792
5594
8256
9415
7147
2003
3039
8895
1238
2957
9459
5759
9048
2556
6681
3324
8287
5745
2002
1100
9357
1456
3798
4131
3680
3188
7269
174
7909
1804
7085
4524
7771
9542
4415
6273
6295
7127
9279
7586
8438
6883
6319
5880
8480
8496
5662
1767
3933
3770
4703
5495
1837
9116
3264
5471
908
7671
6664
544
8365
1792
3606
2590
3085
3127
7242
9456
3306
1134
2907
8479
1647
7317
8061
4638
9041
5493
4214
2883
6862
6831
5718
8204
7147
943
5419
4257
1589
9620
1121
5879
5864
3846
9959
2387
5405
9772
3433
7894
3079
1840
323
685
6495
2705
3243
9671
9581
4368
8138
8619
9475
5061
3935
4525
8519
1995
9174
878
6722
5641
280
6804
3707
7248
6061
4336
4249
7547
3017
1997
583
6452
4043
2457
4266
2668
2204
6902
763
4154
6623
8214
9632
5326
1561
1131
2340
2026
6888
1227
8063
802
2315
6029
2828
8087
4551
3713
1554
7788
9098
4636
6357
4160
4112
2160
4176
4905
2049
4392
1433
6444
8687
7800
684
8958
3557
8016
5934
5839
3993
5927
3120
3497
9423
6954
223
4954
5313
8028
5624
9834
4172
803
2998
3687
7105
8458
1724
7917
3296
2627
2581
1456
5576
1387
663
5844
1057
229
3811
3839
8100
4227
6820
5226
3655
4104
7817
7222
6267
9759
9584
1420
1384
7329
5457
1865
4911
8979
8727
4620
2160
971
3708
3162
186
9068
8920
8125
6019
6836
7478
1789
4304
4949
5212
4509
1910
5611
5887
2216
8972
8366
8734
8435
2970
4286
568
3725
2634
3077
4160
5196
7550
8870
4228
1068
9285
6558
6542
5374
6348
6013
8408
4389
6561
4292
3773
365
9940
5754
6208
6083
9300
8839
1841
5288
8670
9133
3612
4878
473
8622
8329
2366
7449
7764
8277
8972
2868
6501
8411
8728
4439
8185
1707
1603
6560
4810
9886
1229
3607
5167
3332
1765
9290
9888
4671
8425
9676
269
9033
6720
3369
5270
7387
6204
2924
7743
5960
7622
9208
3134
4173
1377
2569
4096
3680
5509
7402
1454
7037
756
6209
1987
2457
8841
7290
976
7074
8373
4850
8459
7759
3211
9372
708
7082
7478
657
1912
2158
9446
5374
7636
1494
215
3988
1638
8354
3898
9017
4029
2155
9795
9233
9230
2161
2740
8006
3823
2556
8271
3895
7386
2328
9087
4869
900
8575
2033
3946
7868
4815
1038
2593
2810
8847
7681
7066
2126
3749
4664
5699
3780
578
677
8448
1939
2023
9092
3440
2347
3497
9842
3199
753
7482
4932
7762
7100
6107
1670
9009
6302
508
893
8451
368
9262
6850
4733
237
8032
9425
301
5105
9616
9646
9664
8089
2041
7022
2449
4157
4136
5165
2826
681
5908
1694
6685
1440
2330
5017
7189
9267
7629
3824
8169
3620
5114
8519
1345
8203
5616
4488
1195
2042
2201
5543
8932
3836
6863
3335
6954
6788
9568
5622
5121
5585
2986
5621
2130
8421
8736
2149
7316
5725
4788
7118
1712
3831
5728
4557
5322
7333
8176
3197
7158
7674
6695
4227
6723
8956
7878
6257
3608
3686
2662
6675
8529
381
3494
5340
7190
1289
6571
3469
1752
4155
7811
4074
1675
879
8161
1052
7639
9767
4273
4557
614
9228
7196
1318
2708
6510
9482
6126
2106
8096
2137
3906
5101
3791
6276
9230
2542
4444
3230
952
2046
4123
2347
4978
9915
1152
9596
662
3853
6071
5377
7966
4183
8616
1634
5513
7123
6657
744
6018
2112
2909
4344
5401
8188
7275
5629
2610
4324
9658
564
6771
7003
6650
3952
8861
796
5909
5693
6327
4559
3860
5264
7580
5804
8168
6219
6643
4467
8873
7287
2672
974
4685
1759
3316
8705
3417
2581
8749
907
7792
5768
6885
692
1178
3146
2060
2598
2367
7841
324
4978
3361
2460
4297
6512
9289
3681
8699
7286
6546
1840
6698
9910
4490
8252
6461
4896
8185
7031
9322
5651
3635
7980
8095
4207
3130
6473
8860
3016
2059
8275
6093
3338
9627
7230
1757
1991
204
7035
8009
1310
5385
3749
3560
6950
3265
9992
9429
3185
6225
4186
1874
9495
441
5452
4619
8097
1582
4418
1498
3991
2175
881
1245
5787
7665
9086
7213
2678
2822
207
7208
2406
1480
710
5159
7565
2674
3565
4149
7426
248
7701
2959
2696
562
2910
4850
5240
9443
9975
5614
7188
6552
5748
3958
6831
1622
2719
9474
5368
3558
1447
7192
8802
9504
3124
4189
9486
635
7439
6303
8961
7511
8391
4372
6821
4746
9444
1361
1814
7194
7397
2174
337
4756
6445
9680
2908
9027
199
647
6688
1960
1725
5803
6379
2460
5080
7620
3253
452
9998
7669
8774
4189
5845
2915
1101
7743
7272
6650
8434
7754
9403
7729
5918
3790
5220
6258
2427
3789
4458
1908
3360
7756
4129
8396
8970
3655
4080
5701
2884
6115
9352
896
8137
7176
2749
7938
4045
8105
1810
8317
9545
8974
326
9727
7369
9244
7922
4132
4694
3411
6116
9478
9925
6736
4708
8789
4430
7019
2297
2832
8203
3408
2375
2454
2471
8915
8403
9232
8961
3123
3786
2406
7431
2381
6876
4925
7614
1529
8275
1844
2750
3637
6584
1964
2015
9758
4887
1444
3466
7339
6884
3100
5405
7713
1609
3455
907
4621
9265
2238
7092
3391
8289
8937
672
424
5436
4351
6624
7973
6437
9983
955
3180
5841
2965
5997
8062
4703
4865
8508
2279
3792
410
5197
8279
694
3996
2453
1551
1072
8950
845
5046
8114
4326
8407
9686
8892
5259
2362
4826
9125
301
9220
5647
6013
1383
6476
4782
4662
466
4579
8934
3360
5123
8683
8202
260
756
8734
8854
6708
3444
2312
384
7540
7681
9738
5565
7101
8052
8026
264
5014
908
3924
759
2576
9584
9495
8493
2292
7052
3933
4417
7661
1080
7292
2905
9632
7450
3366
2868
3466
8608
2064
8213
4552
6993
8727
6690
8114
3680
6645
1845
3447
8283
9096
9710
8761
6012
6416
8382
1902
4646
3924
6120
8948
5890
1655
1990
8810
7414
6438
266
3119
6253
9322
9817
7708
5924
7427
1560
7566
2976
3258
1797
7191
6428
7052
4181
8554
6277
5074
3423
1508
7728
2936
9343
5934
5855
2985
237
5419
9534
5301
1627
5240
1802
4689
2661
4272
6971
3438
7889
6597
185
7658
3578
8429
9211
1770
1724
2114
6408
384
8841
4993
8922
6391
1842
8341
3869
1509
8245
6307
7486
1166
1041
7138
5312
2866
8559
6162
8959
6141
5189
550
6879
4895
3691
8800
3639
1199
4249
775
9554
6746
6004
2892
4456
1639
3018
6630
8125
9281
3141
8855
3977
201
6668
7498
6774
5310
9865
7421
9688
8406
616
9776
3180
9714
3727
9726
7736
4674
3440
1676
2942
4657
2580
370
1215
9873
2992
7528
8065
8211
5376
3063
4356
6512
636
2783
5294
4771
4245
6568
9937
5999
8821
8424
3810
5143
8392
6882
6765
7293
5286
2261
259
1464
8879
3415
8397
515
4852
5421
7048
9057
7734
6022
3315
7822
6402
7312
6418
1775
2699
8901
3407
5194
6240
8571
9473
9370
8787
4675
6832
4493
5744
4796
7823
7764
8848
4810
4047
9156
5692
8956
8830
9347
7558
2030
2374
2774
7637
6060
8937
6459
4986
3906
4648
5001
7318
5445
5314
3931
4360
6073
5225
4759
3801
5765
7543
3191
7306
3501
4648
6664
4194
7640
5993
1030
322
3579
2150
4149
9970
9157
8366
8277
7823
9915
2574
3322
1361
4483
6805
4073
1624
1204
7628
222
8255
7786
4065
8384
6627
9012
9618
4492
9482
4861
7586
2328
7138
5365
3841
6922
1741
3947
7354
9425
6007
5440
5093
9395
1628
2326
3197
6131
8874
9033
5591
8469
4664
2188
1349
8655
9988
5611
1567
382
2938
6739
9663
6487
7271
265
3078
4046
5617
3455
6173
2260
5129
2315
7610
5926
827
1545
4037
3407
8305
216
5158
1344
7521
9717
6823
6883
5200
1933
6547
5681
6291
5465
6934
4823
1963
2056
9665
6912
8702
4694
8348
5236
6215
5804
6527
6617
8504
722
7837
4308
3660
3240
9556
9884
7435
4671
4635
3174
1799
3373
5787
4502
7559
3053
1447
3024
1771
6276
3834
3354
2550
5326
2958
9134
7337
8996
5773
9487
4575
6723
8204
1330
2610
5929
5105
4021
5098
9294
6648
1679
6869
3231
5350
7821
7402
2880
2811
573
808
1928
2160
3013
3130
2345
4662
5032
4901
6801
7165
3340
1877
913
6584
424
3853
3501
1693
5383
7260
401
258
7031
9725
2957
3956
7696
4420
6484
2622
9646
6043
7475
7650
9257
4488
5813
5931
4732
7601
8262
5810
2179
4727
3245
722
5156
8337
1660
5800
8201
5579
7476
6423
9918
1239
4018
371
4106
806
5801
4352
8545
4552
7301
8815
6083
5127
1526
5012
4082
8868
4028
5283
9925
1927
964
4790
2060
6142
546
3200
6218
5281
4356
7965
491
5178
1860
8273
3524
7613
2558
2836
8822
9238
5733
9965
2873
7740
7640
8776
5324
6285
9714
2136
5669
7164
414
6726
7787
2920
5477
9609
6951
3923
4215
7458
2704
959
7776
9611
4202
6576
5340
1222
705
1988
5890
5322
1498
3176
2355
1159
1035
9236
7394
419
1376
2986
4859
2935
1720
6122
4585
1025
8755
5132
3965
1853
6295
3610
4432
8578
1311
8537
1537
1807
4610
7129
4350
6664
2359
8368
3198
9808
9779
6068
6718
1450
3772
5356
7020
1636
5877
1689
4582
4917
328
4601
5281
990
9521
5601
6996
6098
2086
9046
7083
7728
9304
5161
4809
9503
2040
6105
384
5060
6533
7911
395
5730
2177
5787
2109
7136
3877
3142
1893
5569
1816
1281
7255
8896
7457
108
3224
9709
9237
3631
9712
1202
5914
3784
5014
9914
4225
3754
2700
2427
1634
9026
9775
5707
1606
3003
5845
6519
2142
8538
2279
1443
2998
679
8287
575
682
1441
8022
2581
4657
4776
4010
3405
9656
4297
2179
2020
7338
4408
592
6564
8828
3088
3675
4471
4538
2093
3151
7200
1180
2895
5327
8835
1804
3368
5659
8388
991
3238
5030
4042
5686
1517
6100
4864
2871
3589
690
8207
1448
6142
6868
1621
8750
309
7937
9373
2600
4594
2538
7586
7018
4192
2867
8906
3135
1956
2557
2035
7135
102
7972
1620
9032
9439
3633
5711
4737
4497
1945
188
9900
1997
2087
1948
8751
4214
4384
9965
3889
6854
5795
2009
8439
9295
4156
2250
4546
5001
7266
3008
3682
8487
6953
5016
9543
1312
1002
6495
5594
4021
8749
7632
1273
421
6294
8066
3348
5939
375
4894
6394
3303
972
9018
4351
5942
9351
1584
5782
4219
7088
542
3171
431
1204
8961
5775
9497
5127
3181
2003
9274
8519
9470
7835
9991
3496
3616
4798
4564
9134
3965
6187
6891
5703
1818
2690
4363
8165
4795
9969
2558
7467
9259
1060
345
2995
7524
9797
460
5610
2417
6773
4017
6720
9222
6143
2453
3915
5454
2754
6617
1291
9891
8759
8952
3024
2333
9853
4879
6244
4432
1356
3391
7341
3063
5648
4919
9675
289
1636
2966
9387
4546
2552
7463
5493
7972
9354
6158
7606
1913
5471
1129
4156
1174
9785
3104
6568
7145
2870
5607
3920
524
9730
117
9765
2837
1051
5592
8228
5314
1017
7402
1058
9966
886
4042
7015
732
3800
5563
5452
5800
1661
5612
1407
3479
5172
5886
481
7985
3915
8437
3746
1984
5479
3621
5327
6111
7727
498
5745
8660
7247
5743
1910
6243
2029
8546
6668
483
5408
4592
9509
1126
4874
9183
5142
6718
4160
6423
4077
4028
7449
244
8229
2459
2938
9106
1106
9090
7039
782
4086
6358
6730
7665
5615
9693
3239
3358
6215
9461
8245
3452
6887
3503
1194
1033
5638
2204
8488
4326
5590
3610
6103
9391
8151
7193
1955
8374
7674
2768
7749
2364
2701
5500
2595
1966
8952
2801
7546
7481
4650
6818
2418
2588
2442
7130
4991
7227
8975
8289
3526
7931
776
1671
3230
5954
6350
9292
1520
2998
5637
7873
9294
5125
4588
4486
3452
9677
9936
5651
7637
9900
6989
6430
9712
5455
4336
6046
2787
345
572
8464
7675
6968
2872
3868
5525
8585
6252
7891
9483
4914
5144
7921
1269
6348
773
1017
8668
9506
495
9491
8631
3766
9504
5823
1782
5548
7229
4210
434
1760
4128
8641
9000
5197
9655
3641
1076
563
911
7877
759
5754
253
7946
4214
5328
7959
4124
2542
7357
6647
3332
4251
9371
6366
7952
1701
4710
4947
308
5739
9052
5670
8007
8658
5736
3660
6626
9121
1736
1938
1005
4143
4375
5332
4853
3054
5691
7927
9453
1925
7064
7834
3155
6945
5117
9868
9496
5144
6672
4003
7473
287
4887
3696
6531
5720
8323
166
1439
2413
6310
3400
642
1110
8160
6698
9085
879
8985
7268
2382
5417
774
5798
5953
5204
8306
2768
8468
7457
5525
4171
8844
5867
2636
7463
5095
4959
1210
4410
9796
2330
4942
2442
1492
4420
8468
7026
1947
4131
9305
7051
8212
9865
9762
4450
8276
5030
1075
4196
498
7874
330
8815
6052
2972
2143
1482
2704
9926
5831
7681
1273
371
7420
6657
9692
6522
7118
6213
3986
2668
9600
6730
1264
2259
9746
5862
5854
9093
4267
1920
6356
9879
7470
6492
1844
9303
2123
976
1211
2349
7591
7104
8117
451
2707
6098
4596
9223
1132
7104
260
5368
8495
7525
2676
4108
7262
1172
3607
5168
7723
7066
6289
8798
5655
5897
661
2283
8533
4448
6658
7313
3794
7694
4459
2418
748
3022
9565
1809
8501
9183
8605
7970
5351
7707
8798
9913
1936
1401
3818
6984
5421
1506
9826
8123
8561
895
2917
924
8909
999
3036
8149
2354
7665
9352
9048
9409
9582
5341
2968
6618
5442
6286
9229
3281
3047
6064
6907
8411
3516
8890
4749
8635
4407
5989
6232
2515
3258
4926
451
1171
9600
3826
9344
156
1760
8759
5429
9335
293
4579
1715
7309
3632
1540
5281
288
4116
9375
9131
3595
2708
9395
2817
4705
5776
1426
3162
5855
2310
6821
7399
6232
2397
5653
7538
8415
4840
7062
5989
7877
8244
4631
7651
7279
2765
4048
9455
3983
7370
8755
1874
1402
4324
4022
2782
4165
2665
5663
6652
9363
7262
104
806
5046
2693
3329
2432
3928
4031
675
7768
4950
4867
1240
4783
1031
9914
3627
5086
143
1882
4696
1176
8431
9771
4813
3891
1979
2318
8625
3731
6309
7553
3051
9826
7084
711
2477
7094
761
7842
2432
8082
8226
9623
312
8343
1625
6409
9538
4114
3818
564
8932
7831
6581
8407
6706
8266
1285
3185
3456
3509
8549
5938
6961
7696
1643
8250
4812
7781
2807
6965
8211
7161
6541
8637
2359
8150
5164