1000
138
73
29
166
191
116
77
174
4
143
87
178
78
17
184
125
61
162
10
200
156
55
51
3
58
48
9
80
99
180
188
192
75
114
3
121
86
23
170
194
153
87
86
37
69
93
92
149
36
4
165
8
179
3
65
152
170
110
121
33
159
68
189
95
36
140
18
131
76
164
169
113
45
103
138
103
139
52
156
174
102
127
126
15
96
65
5
135
121
152
87
45
3
102
13
39
76
135
94
12
164
148
174
79
44
102
91
36
172
48
150
78
24
23
60
140
153
181
171
53
75
168
125
192
58
178
1
187
85
58
63
159
126
83
80
57
178
48
169
83
62
18
27
161
74
160
9
142
53
46
131
74
104
177
71
84
47
174
5
199
191
59
128
159
18
104
62
52
109
187
114
187
58
67
75
111
189
32
97
168
92
106
83
184
133
183
78
105
15
86
126
50
180
151
178
171
77
151
53
112
107
39
74
178
112
25
9
55
156
152
19
77
149
162
182
52
159
36
32
11
104
54
158
28
187
113
76
162
148
145
47
107
166
97
197
28
38
54
171
105
49
58
148
142
163
15
150
197
159
83
162
185
88
198
60
25
137
83
24
68
46
130
82
172
138
83
157
160
76
135
79
25
187
182
183
21
49
171
138
76
111
106
184
110
184
183
45
199
140
174
88
48
100
2
152
114
87
45
152
89
175
1
96
34
38
182
185
40
177
130
104
98
195
186
38
77
5
150
43
108
129
6
125
119
53
6
20
47
137
181
102
39
6
15
200
123
58
148
122
86
167
7
33
140
172
172
107
100
26
198
195
110
11
74
67
85
98
58
48
81
5
142
81
42
9
2
128
29
152
43
11
190
16
73
140
10
51
69
69
193
199
5
55
149
96
171
180
8
128
141
98
194
189
132
194
117
175
52
168
88
143
56
169
145
189
90
187
30
184
109
43
85
115
27
103
164
146
182
191
50
27
27
56
21
2
195
62
47
38
180
33
162
141
8
69
28
91
124
90
38
26
199
9
107
171
29
87
34
148
139
156
16
200
182
118
138
92
84
65
96
52
195
51
67
47
74
16
17
156
196
184
31
170
167
1
63
103
191
19
63
162
151
157
54
76
90
96
173
38
144
26
187
12
166
76
153
174
13
151
84
142
4
140
121
13
80
135
185
65
116
196
133
33
166
139
38
99
75
140
81
75
170
11
34
161
34
24
11
155
71
124
186
194
75
194
149
2
49
199
153
74
30
30
118
187
13
106
156
13
12
91
89
1
83
2
65
176
193
178
154
144
176
121
52
35
6
107
8
36
37
166
137
107
28
160
172
111
163
26
95
57
112
85
3
79
54
139
20
50
13
198
28
110
9
191
189
48
196
170
52
75
182
115
177
89
155
119
85
139
169
36
43
117
45
42
44
161
6
8
133
68
36
151
59
65
113
65
93
6
154
103
155
175
125
107
121
160
128
1
29
126
41
16
72
165
8
55
55
50
143
92
23
105
2
32
2
45
19
17
90
183
144
180
84
181
101
190
57
49
35
95
3
149
96
79
167
116
10
6
1
17
195
27
38
176
135
24
190
11
20
198
116
111
6
117
68
48
22
186
96
29
137
30
92
193
6
41
164
149
14
1
134
175
15
107
182
4
194
52
42
85
137
131
120
134
86
120
122
158
140
22
131
28
124
101
8
170
107
152
36
23
79
20
187
38
5
46
39
106
82
134
112
53
137
6
119
61
45
22
167
6
119
72
88
67
8
99
177
17
104
16
126
110
82
40
96
163
128
44
193
4
177
167
98
92
17
22
177
196
110
88
5
3
110
99
18
128
68
68
80
118
153
127
100
53
181
66
18
106
135
55
49
42
66
65
167
131
56
94
138
48
143
185
164
200
60
24
55
58
37
139
179
34
109
105
37
53
43
130
24
62
155
193
170
62
58
135
72
26
133
64
155
163
32
64
68
8
200
22
178
97
187
132
35
106
73
68
193
139
144
28
194
85
134
61
197
40
121
184
93
189
148
108
49
40
74
35
150
22
108
97
117
120
24
108
119
123
183
80
142
93
84
142
129
27
116
187
140
66
147
119
43
138
161
7
127
101
23
102
141
173
34
150
103
71
60
94
44
45
50
7
120
112
129
187
195
22
81
124
48
71
190
115
46
68
11
200
153
5
75
44
79
129
153
184
139
108
48
140
112
160
39
53
119
38
164
141
66
138
41
45
166
31
12
186
59
8
113
145
22
60
83
146
5
77
195
100
161
105
41
80
99
40
118
22
146
96
34
38
39