5500
970
715
4248
3101
9978
50
3437
693
2827
8447
3222
1839
7251
6309
1279
1640
6799
6583
9638
8262
9588
2815
548
1983
4086
9387
5331
9499
8006
4561
8778
8319
4748
4493
9618
7815
4972
4976
1988
4700
9069
1698
6038
7934
4338
269
7034
4641
6866
7957
883
3736
9672
9742
1430
8423
4793
2924
6172
2571
7335
2949
8435
3848
8417
8112
1033
5814
4061
6577
4000
8002
4957
5333
1153
692
5107
9081
3031
8788
6572
2481
7044
2235
4732
2194
989
8314
3182
7451
1867
9661
1519
6864
1731
6012
8062
7839
7030
3961
7843
8613
9532
4198
7364
5784
1396
3268
12
2877
235
707
7695
2159
8876
625
8130
7073
986
2438
6961
2013
2781
7017
7151
7413
5580
8622
2118
5158
2774
6754
7495
8433
1793
9712
3187
5413
4689
7807
9131
1235
9395
8027
2109
4993
6885
5982
6126
5112
2315
9540
5756
3756
5618
1298
5492
8486
4887
397
9459
4394
7213
8225
945
7216
3492
3865
2246
8956
8354
2835
4490
7655
549
3187
5930
680
1283
5763
3961
3147
1257
45
7933
5073
5823
4944
9356
3009
605
9810
1255
9722
4397
8601
9127
5680
7834
2949
8372
7024
8249
8225
2587
4309
3752
9729
9230
6406
1903
5707
4501
3525
7419
7414
7569
6207
9684
3719
1468
898
4590
1955
7627
5222
9210
7443
2514
4773
3397
1895
3919
6256
9332
195
2191
6817
6258
9077
914
1540
7385
4478
9030
9422
4265
3139
896
3867
6898
6739
3324
8452
5300
5192
7994
2422
4935
328
3004
5478
6745
8194
7269
6577
6368
368
5841
6274
4170
6628
8819
4048
9226
1076
8538
6746
3109
7057
5491
812
9901
9391
1909
9930
9335
8209
1405
3977
6540
3042
7624
2124
1930
4185
3022
7995
3787
9337
6267
8561
7289
8642
3560
8116
5439
4674
7424
7560
5693
3982
9130
6635
6964
7728
2961
1957
8672
3091
539
9902
6849
6829
3968
2003
7830
6754
7630
1062
650
3974
889
66
9210
55
7163
6045
5709
9237
1661
3935
343
6992
8815
4473
3504
7671
3107
1178
8319
2971
6006
2078
5890
9061
7347
4343
6454
5230
3019
3763
9924
2673
4478
2391
1848
4291
901
5940
4552
6331
361
6617
7568
2761
9640
1371
6110
3861
3945
6760
5457
3832
4868
2600
2154
2284
1983
1495
1302
1754
7342
5632
1244
1906
8052
8763
4422
7080
9178
7201
3516
5026
211
8118
6796
2817
2714
8403
5277
2640
2207
1881
3369
6275
9880
666
8992
4856
8960
758
2266
1803
5801
2043
8581
9757
6831
8342
7928
3246
7061
5027
7338
8369
9198
2442
170
3883
7813
8206
1613
1441
3024
2242
3345
376
269
1128
3422
5831
431
4991
4549
1306
561
3058
7666
9704
2513
3566
8689
6040
6697
1313
9707
6735
5416
442
6788
6169
854
4571
6974
689
3154
4186
8186
1859
3982
6679
1843
5104
7195
4955
5536
7850
8377
9704
860
6014
4350
554
4951
1281
4888
1079
1854
4179
8251
6803
8713
8719
3417
8841
4394
7140
7595
5367
833
3618
278
4918
6409
5055
1836
8750
9680
8288
3891
8983
5675
1188
4342
6544
6842
1768
8069
7024
5154
5289
4704
747
3880
1240
5264
230
8406
4645
4336
4144
7405
88
3596
9585
1928
5428
6000
1083
6756
7773
5090
2715
5726
437
6237
4887
18
2159
3392
1979
8281
5988
5083
9540
6153
1586
7575
6734
7763
9291
3438
7988
2570
4699
8921
3880
3835
1876
6074
9179
4518
4839
1698
3818
3710
4228
9537
9181
8084
8293
8048
4626
7036
4094
236
5119
6610
2247
9691
8509
570
8000
6178
1166
8852
2354
5956
6134
379
4358
1113
574
5929
9341
2143
5866
4386
9538
3730
4868
2382
6760
7096
3767
5016
7902
2847
9794
4978
5194
5582
5984
3474
166
847
2379
2192
203
9761
5101
3511
1161
8489
7414
3241
3012
9759
3953
7344
1489
603
5393
1860
4953
4960
1008
4347
8887
9386
9694
6775
3390
3907
9627
3892
376
576
4242
8833
6093
1365
8365
7657
7470
3195
4815
3966
1940
9980
7043
9987
2110
914
6938
3546
5208
6023
706
3162
1410
9342
6800
6792
4835
3514
3897
9061
6840
7440
9712
4309
4746
6494
9329
3008
9139
7049
6524
9829
710
92
4941
765
7779
4183
6727
9053
7156
1574
1838
981
3552
8330
201
5103
6463
3045
3082
6459
4625
8641
6333
8661
1542
595
1963
7790
1467
4856
359
479
504
3578
1639
6013
7769
7726
9125
6103
207
1507
7334
1480
6520
6312
5110
69
6837
8049
9688
4941
7584
6817
933
2506
1952
1556
3791
478
6547
1874
2105
2742
3243
1255
3263
6397
2305
9234
6521
9245
5119
6080
6599
7866
9783
6684
2547
3203
1519
6129
9346
1251
6117
7346
5200
5398
126
4502
5666
6139
3713
4009
6482
4658
2850
5218
3364
280
6200
6462
6985
9737
3922
5010
8124
8111
8129
9521
6639
4178
9090
7081
5575
2089
1544
8930
3802
3015
9558
6148
6556
6817
1758
6514
229
1207
934
8565
492
8225
3585
1331
2694
5713
5503
743
7540
5085
935
5222
382
1951
5818
4778
598
8574
249
5953
699
9737
7412
5992
7020
2547
4116
5204
624
6666
7092
1518
9111
2367
4266
7036
6287
1476
4942
2443
111
7699
8322
5723
2585
6475
7559
3496
6500
9148
5951
711
1846
2100
1415
8967
2948
271
877
8278
8820
3842
7835
5727
4608
5990
5778
3054
6939
9727
1149
1837
2870
1174
2235
9639
5368
5296
1193
8707
3771
3477
4539
7956
112
7205
5013
2891
7828
3321
9159
5896
2049
9607
715
9534
9926
1244
9271
4403
3983
3595
1646
7614
4920
7610
759
5022
5145
2993
8269
6234
2598
7684
2860
2324
7267
1210
1460
2627
4598
7736
412
743
4451
8286
882
2730
5262
891
6939
2874
9490
2507
8116
5178
4549
750
752
6593
6167
3673
5365
5852
1546
9850
2368
1759
7554
480
6090
7910
7038
5047
5877
7387
3913
5501
4693
5634
9592
8425
4694
1505
5941
3904
282
5981
6800
3029
6903
7042
976
9230
8456
1552
4197
7768
8368
1465
4119
9193
2535
8752
8115
5993
1922
9018
2541
6817
4041
5530
9068
7957
2097
751
5831
907
4350
6736
2215
2368
6758
3468
1776
799
977
3058
5339
9404
4660
4140
3253
2313
5134
6339
3958
8455
6496
3504
3777
8297
5833
8545
874
3986
8527
5719
2595
8348
6710
9292
660
6775
4363
2640
7271
3440
9499
3357
6390
1048
9185
3871
2126
9288
8129
1594
4197
6923
6560
3798
6311
9904
2717
7961
6198
1229
1004
6114
9627
7854
5377
3862
1821
6097
5155
5234
5407
8163
2549
7991
5545
7011
5767
2704
118
5421
6517
9170
5406
1297
2071
9373
5885
973
4537
5866
6203
8724
6031
4744
4007
4038
1820
6485
247
4558
5476
3430
6077
124
9917
2874
9253
9629
1623
2875
5636
2208
5924
5536
3184
4744
6929
4176
1109
3482
8516
5
9643
8295
7041
3331
556
914
916
4799
5428
9839
2954
2656
7957
4788
7283
1587
8872
5676
2721
3602
4945
4281
6930
5851
503
7249
7175
625
5598
1388
3045
8733
1698
6987
4497
7145
6638
5646
228
9711
9756
6509
5169
6784
4911
1381
8783
300
5203
6420
5262
4675
4684
7567
4826
6943
6033
1330
9676
6316
4132
17
1625
2559
6529
8533
5518
4966
2511
7945
6484
2337
2618
1705
1486
3083
8242
3579
7954
3909
6028
739
3690
3918
6221
5803
6686
9958
3732
5770
1403
5675
9662
6812
205
400
4862
6152
2030
8677
1409
8525
2204
6612
4709
442
4955
6392
5946
5068
6238
8479
3564
401
7523
1847
9914
2133
5233
3048
4293
5160
9819
4759
2665
5306
9431
9305
6581
8284
1726
7670
8325
1314
2298
6304
5298
4617
518
6560
6530
405
3107
9913
3392
4704
5779
5783
9526
9407
2387
5971
7351
998
8659
4124
8685
8793
7534
9190
4865
4012
67
5728
8939
4892
7010
8019
3220
3146
7747
1624
9644
6252
3210
6112
4050
4837
7670
8449
7848
4166
3904
4334
4720
8716
3880
9483
9211
2440
9669
4443
2899
1118
1857
6439
8118
1091
4266
8594
9913
8461
9350
8516
3342
8938
2711
6666
6035
6577
9215
5893
9389
3930
8983
702
549
7917
1558
4099
5911
5845
9898
7693
6410
2243
613
1026
7734
2935
8694
7427
9178
5098
6450
9394
7125
8620
8280
6739
7075
6454
5603
105
4924
2078
6151
5516
2160
1422
521
1946
516
1758
919
9993
9478
113
2364
7
328
1608
4162
8585
1737
5423
4021
7738
9181
811
2146
1256
2457
171
1998
9860
9496
9768
2628
277
4115
1079
1863
9507
6833
885
3376
9273
7550
181
1349
8382
3079
938
4197
7779
758
7793
5815
986
4290
8690
2219
6445
4853
4494
749
8059
2270
1928
6239
7136
9597
3151
5754
7987
9653
8040
2141
2392
5271
7463
6767
7675
9682
745
5282
6520
4437
1462
743
9700
4941
4812
4763
9422
9046
6378
3405
4837
2136
4149
1306
7111
7817
9050
7257
6160
3618
2145
4386
785
7919
7018
6611
7700
8278
7858
7353
329
4597
5758
1254
6775
9316
3649
5152
5135
9914
3156
8558
9132
7873
819
2870
8383
8417
4781
7153
6207
726
2984
388
4206
3100
1921
7512
2203
939
477
9897
9619
3121
6617
4427
6087
952
455
1070
5913
5996
6948
3195
582
7545
4887
4680
6528
6146
721
2474
5479
1395
6911
9736
6340
7930
5010
2539
2809
5310
7182
8354
4182
3307
7578
1367
504
8376
9922
6873
2332
3697
8236
9640
5749
4174
653
7126
7735
6243
7326
8050
3269
1739
9159
1721
745
2357
6383
1332
4992
6333
2040
8025
3148
6789
7051
5719
1554
5125
909
2203
2686
8414
1539
3854
158
1551
9887
3651
3573
4533
8957
3956
827
6571
4227
280
2314
7087
2684
8583
9844
8059
2409
4946
2420
3599
2723
3574
7877
9853
1471
8291
932
2043
5600
7493
7497
8843
1621
9629
6758
9308
3644
1496
4117
5223
182
5736
6700
6516
5498
1828
1847
5994
4100
9625
497
9729
6878
8763
9097
264
6903
4230
1282
9247
2283
4222
5837
6946
3486
4767
4937
1841
7902
9205
8890
5925
1728
2564
9810
3493
5243
5771
1263
4598
5581
9832
7967
7341
6930
6641
1345
6859
4725
7513
3954
5297
6213
6146
2492
6518
3024
133
264
5333
853
8078
8283
8517
357
6242
9235
6938
2031
6404
9702
1613
1662
9867
1481
3815
6770
2785
3741
4818
5862
6598
1497
899
1140
615
6733
5517
5189
6479
3694
7279
6348
1387
5292
7511
4964
2947
5818
4551
3760
1088
20
9107
5289
4947
6991
5679
7837
8644
9685
839
3378
8086
7405
6889
811
9037
8259
7443
7160
3154
9989
4107
247
4833
5018
7698
1369
9174
2824
4628
8450
7225
5388
494
7040
2722
5161
4805
1180
6213
9596
1664
6065
2441
2168
5957
8560
9048
4829
8384
9580
2883
7200
6609
5216
550
2813
6076
209
143
2318
2612
8915
1285
5085
7884
4218
8368
2124
9860
7167
2659
7515
8678
6541
6829
2463
1426
9727
3707
6839
3901
7997
649
1831
3504
5434
7064
8208
9057
1171
7084
7212
1271
402
8392
5252
7041
7738
8486
2408
5176
4244
5608
7706
3965
9544
2415
4847
4424
2992
3581
2197
9707
8495
8682
8459
2868
957
121
5739
9636
8003
8608
5243
9540
3660
7427
6355
9544
3463
4866
1961
1736
9600
3791
224
1561
9113
9819
1516
1610
7793
3038
7521
9406
5601
2605
9958
7207
877
2334
9845
4643
2141
5063
4080
1098
8715
1129
3579
7544
2599
5855
4837
5124
2890
1930
4425
6573
501
343
928
6861
5755
9974
1426
9938
7137
7894
9537
7890
9488
8894
5636
5495
5310
1340
4084
4124
2351
3290
6202
5936
412
4481
757
1838
2125
964
2989
8178
3341
2649
5074
8162
8166
5186
8044
3525
9933
3701
9051
1906
4318
5841
9724
9785
3931
2245
1139
4472
9542
4269
1018
2278
3507
1
3415
2511
7867
5694
6679
4804
9208
9391
8479
1664
2700
5942
9205
5173
18
7927
6196
9616
3892
8930
1543
9245
884
3544
7314
8946
9042
8701
7415
8515
7037
5671
8535
5700
926
5906
6408
4092
6713
3917
3587
3455
7140
6888
8349
9143
2223
5260
261
3461
6261
4817
2400
4392
9184
9412
2670
5345
8403
5074
8111
3854
7726
6786
6487
2287
2655
9114
3095
7883
3104
8412
6858
9222
2526
4780
3876
2144
7256
4583
2408
2625
9656
5826
688
4654
8314
7860
737
6827
7202
654
180
6215
2215
6532
9107
2933
8411
2873
8206
6133
6932
9697
5001
5502
4394
4386
5681
4067
5800
5123
1819
2842
7283
8531
3110
4897
3460
1141
9471
3902
4052
4091
487
7069
9161
2215
8029
381
8274
2044
5069
7984
2028
932
268
9134
9572
2349
9189
248
2210
5680
7755
5036
1592
6999
5694
2387
3608
1804
5302
7465
7450
210
1830
6485
2678
5824
8815
4723
9550
9386
7600
3045
7160
9823
527
7789
6200
3102
7939
2491
4699
7372
579
2577
7973
993
1812
4249
2281
1413
4360
8359
3132
8062
8091
1665
5843
5881
388
9180
834
2064
7864
579
3359
5406
4992
5770
1192
4728
1113
159
2416
1120
3909
898
3299
5357
710
7788
693
372
2733
1629
2190
1082
5254
5377
4673
9329
648
1025
6230
7801
7439
9213
538
5865
5681
8844
5052
3468
5788
1359
2105
7737
4511
5971
5639
7543
3046
8673
9772
5392
6787
1815
4816
7439
415
6378
6971
6386
8889
2051
605
3782
8170
8603
6371
9490
6120
5737
4102
1743
7657
9509
5291
1697
8948
3127
8330
3688
7104
1399
9627
5921
5136
3509
6783
583
7747
1816
2812
6220
2248
3481
6139
1284
3381
4263
1791
7669
3836
8383
7842
1442
5100
5115
2514
3212
1090
7497
9382
9964
3527
8377
5894
3959
8317
122
4668
9433
6470
927
7665
812
405
9235
5763
4422
4844
3223
1406
2439
4522
9670
6243
2370
5136
6653
7961
2658
3866
5117
3783
7912
6196
7458
3979
4134
5301
5831
7770
4387
8239
9870
2112
7839
9312
3499
664
2541
3691
2814
3146
5305
3180
7224
6363
8121
6781
587
5802
6541
4054
3018
3190
5598
1730
8563
6133
4565
3567
1794
3581
2329
3815
2047
3492
3752
1391
4933
3812
8800
3235
3306
851
7901
8976
3391
6988
4527
8603
1299
9934
2271
9721
6775
1196
1304
7681
7212
6286
6292
7841
5886
5202
622
1505
2428
1473
5443
4264
1218
4346
4676
7165
6934
4554
9986
3911
823
9950
4766
4229
9175
1666
6640
5842
4923
1645
7856
6495
8524
7669
4203
1598
1260
1119
6777
8070
8506
5657
2341
467
5890
260
4200
9094
6238
7685
7354
4656
6123
6213
6370
57
77
9148
6037
4884
9172
5895
3489
2580
6049
2272
1507
2225
954
4667
317
8620
9611
8400
9416
8932
1001
6836
2035
9724
95
7771
2031
235
5973
5308
4567
5885
6694
8647
3823
9122
7655
6399
8743
9582
4376
5439
1789
9256
9025
4325
4322
6772
8191
9545
5394
6250
7806
4828
6191
9036
1738
4760
4132
4286
3507
55
4838
606
3082
6511
5597
6919
1811
4595
6380
1197
5280
5525
952
5962
637
8901
1679
7487
8326
1041
5156
1534
9264
4517
1386
7684
8319
3691
1702
4546
6712
7190
9237
4392
9122
5806
5615
128
4121
5532
3660
2138
1629
6800
5248
4323
5098
7655
7231
9488
9340
7708
1737
9008
5021
5970
9867
3405
2402
404
6120
4832
2471
3334
3051
3331
5186
9229
6841
4338
5050
6333
9302
2320
1029
2582
6761
9173
8142
4824
3992
8756
9215
1489
7689
8675
5174
3887
5544
2846
2965
8622
9901
4909
2658
5099
6380
8639
6532
1319
5595
5832
9318
792
9799
7821
3544
2884
7594
9265
600
1372
3884
288
7197
3854
5768
8336
5835
6586
1823
66
9103
9852
6521
5301
407
9789
2326
6687
8680
8815
4104
4412
5224
4570
1805
6678
8559
5397
1171
9417
6415
295
5666
9149
3752
1973
2604
7506
4207
9217
4576
3030
8761
1881
2956
5915
3183
7987
5065
7256
7669
3138
6646
9349
1614
5433
147
6643
6279
182
6230
1829
8559
5753
9790
8719
6788
7883
8648
5207
8373
4592
4403
1490
3714
9168
708
5975
5909
5871
728
9607
7216
6235
3881
1095
9122
9991
6417
3938
4426
6452
5155
851
1983
7547
5175
5514
7722
2365
399
9172
9536
6394
6745
6719
6589
4047
1228
8979
1899
4603
3192
7039
1639
2681
6152
1041
4603
8934
3403
9799
3745
1931
9261
237
5274
2294
8173
308
4140
6616
5986
501
7626
1308
7448
8873
2435
9353
5844
2472
8679
5940
7664
4256
8542
2468
1223
4723
4834
5588
8718
5642
9652
5282
991
9238
1147
631
5745
2306
1879
7618
193
3249
4140
9051
2712
4423
31
4893
847
2849
1100
5209
2290
7255
1202
7608
3392
4739
4330
7421
9497
266
6314
1475
2563
3106
4496
1242
4159
9053
1030
8094
9687
5544
3964
6343
5086
4756
8578
5575
7422
8392
3759
46
5851
1175
3808
7671
1730
3233
597
4345
4289
5381
5034
902
6151
366
9995
3105
689
7538
3316
7973
9519
2014
1443
2128
5905
8579
1141
1760
5361
1860
331
1069
6532
4853
2139
6260
8495
5429
4914
6167
4392
771
4508
9313
1015
7146
4374
7854
9985
4640
4812
6496
8275
1380
7212
8763
1525
7733
5848
8187
224
5332
5844
7117
3422
1241
2310
8705
5031
7222
659
2358
4794
9225
3635
8396
7882
7593
4629
369
2081
7814
527
3650
7361
446
6880
2646
8743
3457
6724
7977
6064
2234
800
9084
7274
3023
744
7133
2684
3823
8678
3876
9370
4699
1542
888
8215
5966
932
525
4758
7739
6050
2864
5614
2713
2675
1523
8291
2876
5367
688
3740
1328
9025
6146
7399
956
4373
6411
2521
6499
7616
2538
5538
90
7575
9372
2550
8404
5714
6158
8112
4309
55
6575
657
5585
6376
6511
6191
7401
145
9922
3736
4909
7184
9242
1206
1109
9406
7059
8336
3214
7658
7518
3775
2954
478
3105
614
477
4504
658
2488
3078
1747
5787
5378
4693
7241
6100
4367
2675
8226
3065
2654
1155
1786
1450
9607
6938
2011
5064
5259
2181
1449
9443
6531
8419
3515
659
7927
9882
2029
668
6659
7432
7482
8534
4099
7863
686
235
7574
8092
5471
5518
5886
8330
8457
1038
5729
6983
8261
3438
2124
7726
5454
5730
1422
288
419
3037
145
6666
9368
5795
8260
7385
1628
4775
5944
414
7793
859
5380
5868
4670
7493
5939
1793
7617
9184
8106
1363
8445
5407
9686
8716
799
2828
5295
9529
2442
1497
443
664
4311
7914
3275
1065
9976
457
4025
5004
8554
3244
7281
8356
2396
7916
1860
6898
6627
308
6484
7813
1110
3204
2278
8846
3222
2531
8044
3652
4798
6119
7757
7056
4068
360
8348
3251
3270
6207
5224
7893
1709
6357
1493
3735
1235
6418
9389
5333
3785
1816
2399
3209
555
571
1068
6519
4156
1226
2225
5996
8152
6641
3762
5877
7580
8929
3116
7004
7699
6460
6909
4751
8814
9896
2139
5957
2055
5927
9059
4548
5705
3938
8044
5375
9586
7140
1742
9575
3485
1007
8480
5277
9489
9909
7359
6997
5201
9153
521
1438
2910
8726
643
9363
5625
7772
5145
4198
6970
2203
6100
6886
9560
3846
4255
4647
6569
6094
4428
1786
5596
6423
9313
7808
8615
2660
538
2041
1721
4207
8073
6214
5712
7036
6101
2692
1154
7207
4280
5893
2178
5919
4591
4228
7219
4343
2475
6498
5720
4426
4741
534
9128
8662
1293
1912
3569
6971
1216
6596
5852
2960
4518
1476
2852
8125
7637
6454
1485
2164
8637
9897
8460
1720
7229
5782
5396
2351
670
548
2572
5970
149
3722
2107
6212
8875
9136
2334
6695
441
3168
7107
4447
6703
2364
6540
6546
1012
6335
6464
4872
7674
6131
6220
357
8778
6101
9094
427
4992
885
4499
1746
2764
9522
9347
5044
8732
4909
1336
9714
3554
3996
1545
232
7297
2966
9415
5852
766
780
7097
42
2588
1662
2705
5499
2868
8387
9277
9355
3418
5000
6429
7374
8796
4246
6699
2820
6778
9793
1452
9130
7654
7776
5433
849
454
7781
5306
4601
9924
4747
3297
5206
4912
4106
9603
8496
2761
9314
9617
3624
3928
1969
7708
3739
8205
928
4272
3791
4431
2788
3370
6949
3568
4055
2904
4951
8766
2729
2769
1084
7478
4502
8765
5241
2891
3491
7877
4601
8779
7849
7660
317
8695
4078
5207
637
4164
3080
9756
4551
1432
5716
2951
2890
9747
3988
156
1756
5660
8151
5778
5838
6236
4265
4326
5329
2337
623
5398
7530
6944
5497
358
4481
1622
1847
6807
4726
314
3141
5886
4898
8740
3099
2964
6229
4031
5059
7086
2947
5967
1669
8640
1307
4640
9868
8433
6054
7820
1354
9563
897
4156
2440
2423
7784
9259
5149
1646
4948
2774
2451
112
808
7817
6754
8822
326
245
8827
6681
3765
2888
2215
9823
9304
9116
5232
2715
8189
6060
2838
1089
4914
581
9311
7256
557
8725
5671
1686
5103
8256
9043
2000
8774
1667
5627
9226
9518
1374
6221
9582
6127
629
1779
9887
1018
162
7724
4727
8087
4018
8481
7291
384
4580
2359
5769
8524
2445
9300
5308
2122
2201
9806
3970
4693
607
9387
5679
9891
4194
8586
6368
8942
6239
6259
6887
8595
4872
2391
2680
8578
4078
3165
8494
8670
8825
423
7928
1724
4971
6898
4875
2539
820
5604
2157
7471
346
6075
5313
2179
5706
2742
8002
4900
4375
1763
1281
7874
5074
9480
9455
9560
5439
1776
2841
2517
4430
5216
7968
3243
4666
3080
5933
8167
7594
40
6257
1533
4320
9544
6258
4973
4447
6672
9766
4734
9470
527
3168
7995
6552
405
4723
8281
9093
5676
3319
3670
6060
8338
9871
4084
56
4299
661
8322
1643
7060
8769
2778
6798
1650
9509
8640
1810
9747
2868
680
5500
1580
3161
7939
7810
7717
3237
5087
56
3607
1864
3134
3556
7914
9312
3042
4816
1763
1754
1375
4725
9800
8223
2922
5202
3900
4631
102
1055
63
4896
8627
5133
4782
7876
6717
1910
7970
6949
1688
7206
5650
8107
1067
2960
4844
3666
4178
5039
5675
129
268
2777
3139
3931
1261
360
4980
4539
1829
6684
7929
2172
1673
1527
375
2251
6402
6199
2538
4598
9106
1847
2087
1258
8901
7031
1760
6684
6834
631
2733
3102
8200
2770
744
845
9789
1036
2324
9100
4508
4490
1820
1085
8077
2977
2421
4510
5647
255
5183
336
8742
8218
7931
8506
9719
6649
5757
1310
4761
1086
4653
9142
1927
6828
7303
577
8909
3757
8434
6295
4004
9340
4392
4403
9228
5396
7805
1467
8689
4555
6609
1236
6299
6416
5283
9034
9087
7954
7617
9086
347
3639
4289
2343
2282
1124
4036
8407
5764
9598
9917
3128
331
1121
1820
9596
4295
3463
6781
2631
9028
6576
5051
4476
3831
2352
606
6069
2876
3014
3441
3286
9071
4418
3973
4664
1204
7313
5199
2908
3313
4374
9334
5966
9007
3518
7696
1206
3708
9526
7101
7173
3400
1024
7297
4977
2512
5742
8938
5128
3576
3364
1130
5648
8118
6438
9284
3297
1418
9438
1562
6136
614
5289
3696
8523
2505
3515
5710
7989
9611
529
1675
7584
4883
915
7547
634
4106
5358
8687
9652
99
6245
5989
6511
2547
1650
9605
6377
9374
8697
8991
9223
3281
8000
2632
428
2038
541
1441
2386
4781
1114
9715
5443
141
6976
9930
1999
5325
9142
9399
672
1739
3729
9052
8559
4164
4053
3956
7274
732
6179
7099
2118
8012
2536
9963
5686
7425
9819
8756
5186
1451
2501
5424
1343
521
5173
8950
1090
9900
8280
9307
2529
9490
1447
2013
8171
5938
4253
5797
9612
679
6240
349
8437
9963
7821
5854
3613
1892
1941
5337
7526
4204
4778
5212
8544
5186
5220
6466
7468
7355
1249
1733
432
743
5983
6468
8240
450
3407
4225
5809
1316
4428
6912
7389
8151
9629
3557
1083
4631
5951
956
9828
2390
1672
6907
8915
9094
4832
9627
2625
7555
8119
635
3052
9411
4824
4871
1592
8144
5201
1599
5971
3955
7653
7276
7353
3711
9758
7749
4621
7082
8669
5930
5582
7730
7771
1250
5850
2729
7415
3794
7844
9154
3169
5275
3243
36
8102
7705
4329
6013
554
8784
1402
8223
2195
2290
1196
1206
3863
9216
3437
2941
2158
8226
6743
5697
7850
6118
2832
3155
7978
9588
9307
7338
7316
6311
4333
5014
6585
2377
8390
5005
9895
245
5974
5474
9597
7276
6717
6891
7088
1841
6521
5743
1370
2301
5036
7672
9518
8379
5980
3515
312
308
9960
1986
106
9436
205
4666
578
5618
4021
4875
9910
484
1057
2407
9742
8856
1481
6600
1454
9152
19
8621
4034
7965
6442
8274
3877
2191
4133
7310
1169
734
5740
9699
3064
4497
182
6201
1582
3420
1705
602
6402
9327
8895
6470
5398
2902
4233
5332
4768
1812
8794
3134
611
5903
4598
8708
3844
4262
9647
8056
8456
2811
8240
1539
775
5743
7658
5070
8763
5191
3836
4944
4901
448
9403
2623
127
7003
8507
1183
6327
2801
6418
5791
3895
4723
4048
3668
5349
5761
4118
6495
5787
2584
4632
2780
5073
1391
3066
396
1245
4411
7665
5406
5044
8959
6956
6333
4744
7238
5264
2764
758
5595
9490
9088
483
270
3494
6361
4422
7932
8858
7573
5250
9367
4822
8941
17
8762
1553
4568
7536
9994
5728
7515
5036
8201
5322
2439
8927
6120
7493
4754
7853
4529
3203
7618
7082
6742
6977
9422
6080
7427
9062
5837
8393
5164
9854
4647
4573
904
7203
42
5651
7118
4372
5169
4329
2232
6105
2457
221
6924
6073
3974
2866
895
3475
7167
1485
2059
6875
5872
2839
3895
1094
7050
665
6530
8022
2204
4330
5743
6081
5920
9885
1060
4472
9522
6300
71
5789
1864
3328
9214
8845
8696
6474
9562
8699
5858
8342
5243
5831
3532
7935
886
2582
4002
4276
7154
3188
7192
4732
4320
9877
5107
1794
9848
3250
4455
167
7650
3792
5121
3898
5747
3632
2968
8220
2919
1529
3981
9635
7895
6442
58
2900
1990
7917
856
1109
6922
3246
9194
2646
3609
453
617
9798
5913
9265
9282
7197
6144
8192
9182
5437
4408
652
6452
6825
8297
9227
3056
8728
3812
4047
1907
3583
1462
7592
9029
8375
1866
9750
5885
8497
9355
6804
1751
251
583
8274
4404
226
8904
8180
5794
3296
9843
2156
2361
9776
4425
4988
870
8766
7246
2857
1395
8824
4915
7905
7041
3855
3894
4823
8132
6154
3098
6770
7540
3478
6867
6667
357
2994
5161
5068
8358
1084
4096
6700
5501
9021
9470
4295
6253
3102
4341
3831
6409
2069
8574
5210
2726
3953
894
3743
8353
9152
2474
3095
4831
5616
9530
8747
5251
4053
1609
488
8932
6749
5518
1691
3068
3782
6144
6634
5136
953
3614
2527
8817
6892
9428
4425
8337
2263
2919
6872
3522
4893
10
403
655
5380
7890
9393
7837
8981
5614
5550
7025
31
7305
3437
2187
4224
6075
7633
9517
2931
4939
1725
2633
1054
8488
7312
3384
3895
8169
9505
6276
5055
5843
3238
6727
7061
9006
964
8680
4716
4249
4233
4132
5781
724
3977
618
6592
9549
9037
8004
5669
2890
2223
8547
8635
4805
6345
735
4093
8482
5213
5493
6173
8136
681
4767
908
294
9361
4786
416
8373
8629
3740
7264
4464
892
8291
9325
9463
8997
5328
4243
4833
3092
6789
6320
1712
664
4095
9337
637
7716
5133
6540
1007
3522
8267
6573
3957
469
3587
3205
4960
3207
9191
5803
9044
3600
9085
3002
5409
6888
1323
5858
2708
8699
7057
7643
3644
5346
2541
9
1896
5867
1941
8856
3218
5688
5760
4570
6276
7379
2121
8658
6231
5305
7145
3950
8629
1544
9053
5933
7027
1276
9491
6048
518
7503
502
6934
6714
8530
851
1202
6208
9357
3092
2641
5503
9918
671
1060
4263
6630
2483
320
2027
7045
9198
515
996
2905
8060
2271
9014
1423
3120
4666
2063
7095
3395
8610
939
3899
7882
9503
2835
3594
169
8381
3056
6174
9938
5089
1680
121
4358
6808
2997
3220
1941
7347
2869
2088
7019
7848
3242
8289
3100
1339
9048
5524
5972
6332
9005
5054
476
635
2420
3674
9704
8346
731
522
557
742
2116
1750
339
6052
6324
7146
5511
7576
263
4183
9200
6670
3479
375
6774
1963
888
564
8446
8284
5309
4603
4039
7519
2654
2346
4546
294
3753
4
1047
4005
5795
8
3578
4542
3538
1890
1706
9736
3730
3447
802
9621
1942
6198
6232
4720
6042
2190
9559
3504
8132
3397
4112
1689
2077
493
2954
9257
2634
4962
1916
4099
897
5562
9424
2029
9679
3091
7137
2914
3245
9740
9348
5273
3713
1756
188
6462
6447
7557
9088
1316
4051
4470
4845
1222
1925
408
6644
3223
2518
8370
1357
9332
1112
7031
1428
3026
2311
5814
3752
7185
8039
8785
2041
6682
8773
7411
5030
2231
3018
4344
7333
1267
6521
2477
8585
9725
8027
1714
8817
7852
7770
7160
7291
5741
5368
2048
5989
5803
1847
714
803
3577
9809
4474
6897
9138
2226
8995
6070
1764
5807
8016
4785
9549
3896
4593
8827
8336
9365
9612
506
2422
7727
2043
6221
6973
6183
7853
2543
284
6027
5640
593
3669
9478
9271
7560
1136
5666
1459
3996
806
4279
601
110
7146
8868
7586
3644
2569
3701
6530
2102
3241
1628
2092
3918
8776
4156
2543
2115
7575
6101
8287
6296
6646
5605
9571
2069
4839
7319
8477
4558
524
5186
5313
5547
4404
5157
8740
1834
3473
8967
839
5927
7793
1124
9195
5532
8005
31
8974
6860
7276
9566
1202
348
5043
5407
6897
4193
6844
8980
362
9181
6457
9733
212
605
9200
9569
8225
5958
3324
8223
6856
6928
2013
5262
335
7457
985
4155
6706
3265
4942
43
4795
2341
2117
5273
2048
9565
8002
2150
3216
2050
1283
9456
5816
7738
2760
4933
8647
404
1222
3754
2220
6348
2797
5039
4808
2896
8875
956
6734
9928
1118
8858
3480
7260
6751
1780
5117
1394
2661
348
1944
1709
6521
1225
5097
4023
554
6057
1265
7902
1462
6614
3175
9619
1961
2491
1436
6027
5461
4126
4767
3396
6503
8647
6264
6085
4514
8398
133
4490
9127
9273
1275
9511
5596
7946
8262
2358
9851
8495
6453
6483
3780
3587
851
972
6642
1028
2499
3910
14
9601
16
4809
5577
786
9692
7788
2924
2806
8193
2158
4848
2725
7367
2398
2585
4081
620
8901
9867
5728
351
4435
899
8446
5458
707
2361
2196
4743
8689
970
426
5808
5205
2906
6871
8117
3485
4345
8771
6881
152
4582
7372
3360
9103
4064
6222
579
5283
9955
3878
9969
3055
3516
6292
4368
1039
4433
791
3269
7913
1286
1956
4033
2755
6057
7580
6941
3658
7171
3339
5582
8511
409
1130
1385
8577
8301
8612
1481
4205
1698
2697
5452
2645
4423
8881
8603
419
5381
6088
6053
2919
349
6077
6505
3427
8280
4796
6003
3164
4157
6608
2288
1396
1886
9677
3117
8622
7435
392
9043
3438
1453
5382
1353
8207
2247
6353
6229
7041
9874
6096
484
7150
3908
264
7168
3658
3956
1734
8165
5105
4093
6525
4816
1519
1502
1531
2764
5839
8526
2585
8123
6645
8964
8113
4387
2057
6449
5301
4706
7793
9450
4752
7566
6249
7512
576
4288
6882
1518
4337
1550
2535
61
4932
3910
3948
2
9875
8837
3819
5526
1457
7202
5975
6784
8488
5074
795
8895
5821
976
4525
3688
2647
3759
8419
5165
6017
4303
8244
8768
4001
8655
4093
5957
4239
7439
1611
9934
235
8065
7781
4026
5235
23
64
3439
7466
1822
4029
3904
1697
1564
4627
7977
132
6739
8906
9817
3803
4810
3950
3109
9596
2900
2581
482
9117
9180
1507
4480
8128
3397
8691
1839
2895
6460
493
5721
6978
6214
6449
6071
2053
5342
6140
6196
5387
7467
2229
9036
8337
2540
3686
3387
4550
8395
2976
6977
7499
4310
5155
9062
6226
8358
7649
2140
8938
9446
362
4678
42
6387
1117
4115
8696
7392
5237
3584
9122
8693
7987
4324
2747
2744
5956
4470
81
8206
4380
5873
8370
1360
6197
5568
9172
4119
7752
5800
8644
6268
8893
375
5276
6551
5547
2944
5370
6686
9731
8218
9333
657
3803
1574
8679
8293
7436
3030
9720
600
1944
5739
6586
9414
8312
1394
7742
8335
459
9196
6400
8225
6648
1815
6659
985
1095
9993
1793
4859
7468
9654
8548
6446
4812
8807
1088
4158
8886
1008
1937
4105
6155
5733
5343
3023
3546
7461
1050
5105
7162
4494
7562
289
6339
1866
1068
2703
7965
9980
9156
8634
1677
6954
4901
1088
228
3447
4465
7791
1019
5464
9962
6506
1824
1728
241
6015
6184
17
2883
5539
8297
4409
6810
6254
6592
5477
9492
1932
4407
2287
1443
3697
8036
184
5298
4987
3284
4064
5242
3645
9969
7959