1326
4055
9224
1812
2762
-2536
-9978
2299
-2775
-1363
2265
1730
4522
-9583
-58
-8456
-3559
-1275
-6333
4341
-5039
7091
-9797
780
5303
4919
5495
3066
-9138
4885
-567
-8433
-7290
-8954
-3166
-4201
-421
3634
-6978
-3391
645
2916
-9159
9940
780
515
4529
-8336
1994
1536
-2566
1667
3188
-7682
5107
4235
3851
-1557
6510
7844
1970
-3044
1436
2340
9204
697
-981
3476
3583
-5858
1966
2807
-4298
7059
-6304
2046
6250
-9736
10000
-5213
-9611
3831
-8928
-674
-2549
7766
-1621
-9609
-4060
2600
1948
-8865
7124
-4821
4640
-6312
-8521
-1499
-9265
-9917
-8505
-8947
-1919
-2149
9571
4627
-4035
6130
8623
-6939
7985
3587
-1557
1723
7454
8139
-4117
-7890
-5112
-8562
-7683
-1373
-2464
-9017
2195
830
5683
-9478
-7581
-9993
566
-2251
9529
9917
-6708
9337
-4250
3222
-244
2824
1801
2250
-8231
-7122
4615
8361
2693
-4599
-2274
6501
7805
9370
-6388
9298
7766
2868
3517
-2903
5656
-1259
8945
-4558
3710
8616
2495
236
4058
-1474
-1570
8117
2389
2662
2355
2065
-362
68
-3142
-5343
-3631
3834
8137
282
2797
-4082
-7798
1197
-5864
-9769
-7849
424
-4180
8653
7566
-8986
3880
-3642
8540
-6847
384
-5622
-5698
-5834
6972
-390
-5888
-4857
-2986
1548
-341
-2303
-3991
-1140
-9272
-8178
604
-1337
2646
-2209
6413
-8702
-3900
3827
-3625
8007
2297
3737
5097
1340
8185
-6721
1528
-6295
4273
-8010
-469
3971
3310
-6813
-8194
7059
-5818
2588
572
4454
-5586
6961
7924
5744
411
-4783
3712
749
-3260
-914
8278
476
7791
8966
7313
376
47
5675
3364
-3620
6170
-7696
4587
8738
2291
6633
5353
-541
-4016
9355
7116
3512
-6746
1922
3592
5337
5813
9354
-9072
2968
-432
-9221
6965
-4813
-6287
9056
6180
4345
-4126
1431
-2988
-1493
9225
-5808
8284
-7890
-7626
9186
-6548
3778
-135
-5748
-5236
-2614
1970
-5234
-2778
-4131
-4627
-8024
4563
693
4746
-9605
6812
5391
-4660
-601
5025
3236
-9547
-8993
-6415
4554
2342
-1392
4288
9062
3638
1482
2963
6627
5901
-2850
-6898
-4685
6016
-422
3217
8947
1833
310
-1028
-6103
6869
6319
3761
8829
-2619
-7107
6770
2975
-5839
217
3325
-1143
-9333
211
5045
-6638
479
-1839
2232
3892
-986
7936
4793
-2404
7293
1496
9375
5762
6183
6078
-8598
143
2036
9688
7685
6023
4847
5459
1681
744
4712
9988
2466
-4316
3826
4245
-5352
-4195
4534
-145
-1532
-6328
8079
5080
4884
8934
-8474
-3835
-8464
5885
-6482
-8992
6793
-1917
-1186
-6818
6822
-9021
2526
9023
-1485
5021
6481
-8513
9181
-973
-4531
-892
3770
-6953
-3153
3570
-8772
-3673
-2390
7731
2064
6956
-5196
8752
4496
-1318
3923
5796
-2775
3704
-6806
-5618
6871
644
7424
-6331
3279
5512
-8661
3448
-2808
6592
5900
-4143
3464
2419
2395
8489
-963
-52
9781
465
-9527
1083
1118
9867
6176
3774
-5474
9834
-8902
-9316
4262
-4523
-4168
-8913
2238
-6874
-4376
-6822
-9710
-4283
-5013
4162
539
5473
-8944
8947
-4712
-7923
6287
5434
-3242
7277
3923
2730