-4137
7692
3347
-1826
1077
-151
6638
-7913
-3578
-2080
942
-7933
8459
-8481
3285
-2306
-4823
-874
-1361
-3345
5067
209
2519
1364
7504
3262
5315
-9357
-7715
8885
-5485
-8209
-4276
-7884
4181
-7765
8602
-9652
-4837
-3187
-8494
814
614
-7400
-7701
-9667
4841
7304
736
2
-5470
6467
-9184
-2097
6778
-4428
1579
1922
-9821
5686
8017
1761
4248
4802
2452
-1813
5643
6698
1333
8656
2940
-5065
-6816
-6850
9023
5559
-8830
2941
-8691
8991
1527
8956
-4604
3687
7944
-5986
-5027
-5954
1547
-2207
9008
-1215
-2436
1010
1293
-9233
-3959
-4132
-1700
9620
9082
-4337
-7963
4521
-2917
-7388
-6704
-9560
-8212
2102
5702
6723
-7387
-3278
-6361
74
-7672
-4536
6552
1246
4286
3126
1247
-1566
5293
14
-7383
6216
-4496
-7773
-6556
-1763
-283
609
-3853
1569
-3000
-5990
6270
-9687
-6088
-8893
-4040
-4726
-6500
98
-6132
3045
7354
429
4328
-7804
451
-9582
545
-8760
-5020
6549
-1725
-7446
-5790
-9593
-3201
5962
3667
-9179
-4294
7452
-1459
-7643
460
-733
4757
-2491
3276
-8450
5449
6579
-5401
-5284
5785
-2523
-1331
-2136
8300
3115
7728
-8048
-7288
-2149
-6303
-5211
-4034
-19
854
7870
1791
5983
2626
-2731
-8584
-5851
3229
-9040
-8565
-7326
-1647
-3716
-8352
-9942
-2796
2744
5566
-2408
-3688
-8579
-7716
6610
3475
3412
-7586
-8287
-4897
-5202
-7091
8287
3628
9209
7309
8002
1455
3226
-5092
1219
-9383
-4821
-7221
-6568
3434
-7490
4441
-2393
-5246
-4744
-4452
-1446
-2396
897
-1783
-5176
-69
-3224
194
9639
-8384
3989
8127
-5222
-7259
-1140
-3448
-1092
-5736
-1535
8373
-10
5627
7727
8404
-6945
3600
-6
2688
-3018
-4383
3975
1311
2578
1257
274
-3518
4680
6889
-1856
-7119
-9771
-733
9920
-484
7034
-613
-5801
-5447
-5272
3665
5106
-4317
-7251
3842
4925
-4300
-5637
-3236
-3523
-6887
3092
-9425
3280
-7985
6136
5287
-8940
720
4403
-8868
-1783
4416
-3766
5362
5713
-3339
1150
-3789
3459
1651
2082
-6421
6049
6495
-3260
-9924
3415
-1120
4184
5120
-4064
-4952
9698
3523
6909
6419
-2217
5882
4420
-7797
7198
-2217
-3253
-9954
1428
-9223
9876
-4451
430
-2488
-8168
7296
7613
8583
6703
-9035
-2661
3110
9097
9345
4490
-1193
2355
2961
3212
6451
-4593
7337
-6702
2869
6873
523
4256
238
-9409
-2704
1541
4884
3594
-4173
2620
-741
9709
-8678
-662
5662
4
-760
-5459
5816
8076
8389
7158
9308
5061
-4135
-4563
-3185
3162
-1220
-7688
-3563
-4677
4972
-6307
-3454
2366
-8216
1475
8452
-4556
-3790
-2255
4658
-1076
119
-8936
-7922
-9183
6708
-7764
2142
-6348
-4138
-1339
8813
2212
4629
-2482
-1449
2489
-9526
-2576
-3119
-2160
4741
-935
516
9858
-712
9618
-6005
6392
-5160
3432
-5781
3825
4880
-1740
-1878
8060
-6681
-9379
-8787
-7270
335
5680
-2438
7742
-1276
7901
3688
1744
-2977
-9735
-6868
8908
709
7213
-260
-5721
-669
-1740
8587
-5084
6492
8906
-1476
4374
1829
1631
-911
3343
4530
6638
1004
-1595
5526
-5539
-8878
7035
-555
2024
4920
-2410
-8308
5340
2476
-6764
4159
2633
3520
-4497
-5036
-5875
-9918
6640
7348
2262
2643
-148
-3914
3353
4693
5238
-9134
-9664
-4306
-79
-4936
-8853
-9591
4232
-2129
7760
-8582
5092
5787
4304
5000
-9918
-9540
-7033
-402
-3417
7409
-5445
8249
-8685
-7238
9017
1202
-269
7979
-7167
3015
-515
6289
-9183
2072
1254
7293
-1614
5442
1437
-83
-2130
-63
8724
-5780
3339
2289
-2402
-5353
4757
4479
8319
162
-1746
3200
565
-288
7469
6954
-9691
-7310
4272
-2884
-3223
-807
9400
8831
6779
-8442
-777
8123
-8967
8322
2090
-8264
640
3797
9165
-5604
-1031
-6746
-9609
3003
3133
7651
7159
1355
-5821
-5966
7131
-8929
1106
3324
-9718
-2708
-3666
-7010
-9781
5012
1912
8334
1068
3479
2264
6838
871
-1318
-5518
-8069
7387
-7473
-2042
8309
-5409
-6427
3511
-4869
4294
-9982
9122
7210
8730
2390
5757
-8220
-8453
-5162
-4549
1903
-5572
-6377
-8308
3099
-1985
9949
6816
-8168
7407
9894
-6060
5037
6915
5065
6374
-9783
545
-3208
-4855
-3641
4157
-4725
7889
2736
-3546
-2510
-2499
1162
1876
775
7480
-1710
8799
3042
1168
-9687
8051
497
7292
-3028
-3378
-7591
296
9690
1557
-3250
-761
3370
1614
602
6997
4785
526
-5058
7947
9896
4212
8429
-6260
8212
9544
-9013
2183
-7053
2534
-5755
-1494
-1651
-4798
-5899
373
585
-3715
4329
-3476
6746
719
4079
-6410
-9611
7356
-724
3691
7455
8512
-3361
-7498
4174
-4672
-3569
9296
1809
-4711
8174
-1881
-6697
-2745
-9570
852
-1745
7765
-4382
-2792
-4732
-8490
-3663
6341
2431
-1190
9382
-8114
7275
-1091
183
-8188
1017
7269
-1868
5790
-1586
-9037
4015
5655
-7998
-4521
9628
-2862
-2898
7000
9993
-6234
9769
9104
2233
-810
8984
369
1291
6270
-5185
-4895
-4968
-1803
-4397
7364
-2041
6186
9784
-9401
-4838
-9256
498
-9533
1875
-8286
6788
-28
-9686
-972
-3192
-4925
1459
6861
6701
4552
-9359
-9554
-1863
-7184
-5070
-7277
6971
5850
8045
3687
-7936
3922
-843
7225
3300
4197
-3368
-9138
6667
-4359
6444
-6713
5097
-6653
-1077
-8949
-4586
5273
1136
984
-4987
2184
4174
130
2003
-6219
1421
2656
1810
-4872
8571
-5389
2209
-742
-8773
-5514
732
6332
1698
-1147
6560
-375
8813
-9143
-2709
1570
-3763
-7640
2956
-1101
520
-9291
-2293
-8301
6579
-1558
6946
-7806
2780
-3000
-873
-5651
9159
3740
1974
6020
7170
4823
2935
-2747
-4678
-5815
7435
8061
527
6552
-8699
-3521
2350
-6516
-1530
-7660
-5082
8366
-639
3085
4574
4951
4337
4572
-6532
9786
-3501
1219
-8332
-4798
-5075
2010
1302
-5655
-2954
-2223
-9298
-4000
-9810
-116
92
9342
-3118
-2545
-984
6692
-9396
5331
4113
-475
5263
-5911
-512
-7158
-4831
-4463
9970
-6624
-3735
2726
-597
-1028
-5250
-8631
7039
5140
-6215
9408
9183
3856
7669
-6976
-8455
5609
378
-6412
-4781
-7594
-3657
4085
-1317
1333
5176
6559
-8918
-825
-1843
2751
-1767
-4366
191
-2211
6555
-5244
-2342
-1095
6047
8690
9061
-5097
1281
-2583
-5067
2390
-3804
4185
8493
3987
8082
-5195
-6467
5729
-6828
1687
-1988
9371
3057
6696
4748
-3260
7845
5035
-4860
-8227
-5097
8216
-4310
-7356
1885
2007
-6438
9134
-6872
-1898
4930
2632
9018
2211
-1801
-9554
-3086
9881
9350
-3273
1392
-7949
-6929
-5834
4844
-9201
8527
-6750
-4669
-191
6989
3565
9513
-7083
-7648
5968
-9857
3821
-4766
-7920
5260
393
3804
-3986
6882
5740
-8384
5548
-170
9682
4156
2522
9286
6519
4689
-3457
2985
-8902
2297
5993
8660
9982
-5382
-8520
-9705
-8632
8922
-1032
-880
-7126
-7891
-1250
-5663
-5561
7150
9675
-9596
7406
-5873
7859
9783
6061
9812
4097
392
6809
-4022
3623
-7593
-6727
-5094
-5572
6339
-1164
-7377
-8807
3842
-172
-9124
-92
5164
3554
520
-4881
60
-2437
-5133
1290
488
-429
5815
-6990
4523
5805
-8849
-784
89
-3867
-4881
-1040
-3613
2447
-3907
-4858
-205
5904
-1857
-2148
-1161
2541
-7087
3909
8894
-2368
2628
-5315
265
-8697
-3656
4559
-8401
9934
3628
3482
6008
7351
3966
-8555
-9429
6544
-5431
230
9730
9863
-553
-2975
-558
-8735
-7762
5177
3156
7958
9715
3039
-2624
4292
2314
1173
-2066
9961
-6801
-9673
598
3608
7002
-7937
3193
2325
2770
4336
-5225
5567
-230
1127
-590
-318
6998
-7324
1929
956
-2397
-7317
7295
5718
186
-8093
9886
6825
-5549
8744
3393
9228
4607
-2505
358
-9825
-1698
3672
9770
-9823
9987
2958
-4781
-314
1364
-3890
1839
487
1626
-1168
-1296
-927
-9458
-7952
5768
1858
7457
-1370
-9779
4065
469
8869
6194
4221
2715
6292
-5331
-7389
5711
-7587
-5250
-3870
9230
1279
-1265
7820
-4376
-1829
8198
-3621
1380
4285
8018
752
9471
-4908
-6449
-5174
8220
-3419
4492
8209
2014
8691
7054
889
5365
2201
5324
-9956
8341
-7086
7618
-9488
-4278
-2784
-410
-844
-5815
-578
7477
-8387
-2166
2417
1864
-7357
-6344
7573
3138
9417
-8028
-7735
6410
-950
-6016
255
1912
6404
2296
-971
-7453
6247
2571
5513
3734
-4821
6658
-2980
4525
-1706
8215
2225
-6257
-2206
-2519
-2666
-1237
-3480
6535
-9238
-7978
5781
6837
9457
7212
2662
-5554
6543
463
2828
-9815
-9944
7858
7687
-3572
-6371
-5191
-9057
1444
-9852
5126
3832
-8847
5064
-335
-4826
8156
2956
6347
8254
-6937
8486
3056
-858
-1975
-4127
7718
6281
-1793
418
-3230
4912
7757
-3984
-9692
8452
2705
-7136
6584
4291
6507
5603
-9680
8154
-3837
-6862
-9957
823
-9088
8398
6500
-6913
7301
1552
-2562
1468
7909
602
-7201
6094
-6712
-2019
-6242
6659
7993
6550
-8154
8753
6957
749
9593
6171
5032
9484
9263
-2774
3212
-8414
-9823
6600
6581
-4323
5325
-3340
-4102
7027
1491
-4062
5161
4588
-2227
4448
-3305
-6162
-7132
4579
2122
-2894
7421
-6534
8323
-3639
9125
359
3710
1426
-723
5412
-9054
3976
-4148
8369
4553
-6980
2758
269
-3864
-8328
7178
2627
3903
-6703
-9171
3180
637
2574
1733
1885
1286
-3383
9707
6560
8243
9171
5767
9439
4943
146
-7101
-7495
9141
-6854
-5443
-21
6537
7187
-3508
-776
3354
-4184
-3606
8964
-270
-3789
1149
-3280
-9690
-1292
-5153
612
4483
3975
1142
8747
2083
-6910
-5316
4958
1760
-3695
-9152
-2023
3843
5633
9098
9618
-950
-1218
-5745
-1124
-2933
4614
134
711
191
8700
1488
-7771
1
5927
1390
8337
4675
9133
1366
-7223
-1732
-9982
2638
-106
5049
1808
6448
-26
1940
-3931
-9523
-470
-2270
-6792
-3989
5554
-2665
388
-2539
7843
9336
-5985
7187
-1417
700
-4219
-8815
867
-2919
6817
7154
-2376
-1763
4219
-2945
-9747
5147
4778
1151
5643
-4599
-7199
-3343
5436
5423
6935
709
-5020
3853
3325
2249
-4259
1853
-9684
1056
-1976
4540
-1381
-5559
-6894
-3483
5509
8905
6106
5574
2456
-1591
-46
-3804
-6078
7676
4004
-8966
-2179
4364
8019
7744
3819
-6911
-328
4965
-6238
-869
-967
-4768
-5849
9528
8576
-4236
5504
-8829
563
87
-3864
-9812
-5498
-9846
-1206
-502
874
-1614
8980
-8603
-3948
-1096
-7734
296
8164
6766
2522
-925
46
-2522
973
-788
-54
-8745
-8669
111
337
-8548
-2556
-4615
4752
2997
2767
-4451
-813
-2276
1194
3371
-1594
4762
4777
-4028
4722
-3467
-8041
4410
-5612
7702
7927
-3399
-8361
2036
-13
2493
3089
3800
2307
4036
7386
-1638
-718
8849
315
4403
7634
-669
2398
-1486
-3781
-9239
8645
6804
-3991
9453
-3918
-3744
-3204
-7250
2513
7796
-1914
-6260
-3734
-9
4451
-8662
3382
-8034
960
-1747
-9505
-8678
-3513
-4281
-2035
-7678
-8741
2223
-1484
-2153
-1389
5336
-7751
-5999
-5847
-7458
3924
8497
706
-9656
9079
-310
984
-3216
7225
4967
-7227
-4819
4962
-135
3326
-3189
3243
2189
-88
6930
-8743
6159
4607
3971
6678
590
-4443
1663
2577
8229
-3030
-3541
-3282
3417
-1136
4986
6632
-7352
4923
-6969
8521
-2307
-100
8377
9665
-3791
-204
5654
-5602
-3142
556
-9768
-4409
3510
-1817
-9069
-1493
4291
-7014
9820
860
-2526
-680
-3684
-5138
5595
-2901
3050
-1018
6058
218
-5039
5921
-7171
-1895
2797
117
5104
605
-2699
9502
8627
-9109
9157
7217
-2836
9067
-7908
-884
-7404
6959
2264
3173
-3885
-6483
-9142
660
-5096
7188
9636
919
85
7340
-2930
8938
8497
-791
9128
7584
-3190
-350
-2499
-7790
477
5936
-5883
-3537
-1298
468
8204
-8977
-5438
665
-4902
-332
7632
-163
3043
-2134
-8510
3489
3323
5161
270
-6587
4845
3632
-1888
-8638
3209
6703
-6537
-1982
5512
9098
-8289
3441
5919
8592
2117
-3075
-6561
1348
-5082
8997
-4512
4258
5833
-1011
329
6097
2381
8708
8127
-782
-445
6133
-9857
393
2320
6059
-9889
-4039
9807
-1218
-8531
3440
-6152
1055
-388
9857
9579
8907
-7497
8874
-611
5438
-1628
8680
2339
7377
444
-307
-7436
-5456
6098
8865
3696
-2806
6818
-2544
264
-1675
-8964
-4039
1060
6323
7336
-7357
-5393
7914
1082
6711
6664
-4956
-2961
-7783
-3834
-9605
-6414
1914
-9877
-8414
-3015
-7989
-9194
-4880
8859
-3289
-6260
8340
-3259
-2011
-4142
1167
-6329
-9262
1432
-7736
-6038
4629
4464
9519
-4084
-2565
-3570
-1434
-2597
27
4629
1122
-4557
-7966
-3729
-9241
-9049
4281
9947
3892
-4259
-6705
-1573
-3561
-1763
6263
1931
2731
7394
-3073
-4115
-8604
-1555
3016
9257
-8134
1089
-9277
9656
-1253
8031
-2077
-6227
-1076
-7433
6997
7429
7501
1208
1232
-4791
-8087
4373
2831
827
1463
-4679
-7105
1417
-9877
6816
-9280
-2823
6392
-5716
-5193
-4963
-236
2533
-4883
4556
-1809
5000
-5344
1023
3514
-366
7765
-2167
-66
-4240
2436
-8346
6853
1056
3154
-5535
7417
6384
-168
-6780
-4890
-1073
3421
2132
-7559
8121
-1624
1540
9318
8591
-125
-9857
-9902
-9103
-158
-6207
9198
9084
-9161
-2592
3294
-7479
9695
5138
2462
-226
-758
6093
-715
921
4861
2338
7379
6240
1582
-588
5133
6131
7936
4307
8516
2139
-4094
1182
-9310
6076
-5241
-2791
-7088
-1418
-3538
5920
6059
-5861
-3371
-3421
-1428
-4106
4023
7907
-8330
-2422
-572
6237
7147
-5206
-3204
-9447
2650
-2888
3376
-3059
639
2981
-7769
-9774
-2565
7196
4785
-382
-9840
6818
-7840
-8265
3577
-1438
-6054
2769
1443
8334
-9982
-1187
-6278
-9433
-9813
-3039
-9186
-1087
295
8590
-2083
-9620
-3993
2890
-6946
-9862
3517
-1599
3299
-529
-6514
-8432
-1247
8526
2047
-972
6283
2764
-7426
5791
-355
7649
2604
5922
8560
-3442
-851
-4963
2748
-2915
-8791
-3653
-8839
488
-2431
-7223
1883
-7513
6990
-413
8814
-7862
-6120
3584
-6549
9683
7695
1198
5739
5975
-1118
1400
-8541
-2045
7943
9174
8997
-7625
7277
-8147
7943
-286
-4193
3972
2470
-5648
7148
6799
-9084
863
2000
4074
3536
-3132
-3734
-2083
9503
440
-7264
8179
-5233
-3922
-8562
-6637
104
-4421
1020
-5926
-1620
-3315
5465
-1972
-658
-5842
-7521
5494
6275
-9485
8471
2023
696
2434
-1308
9002
6885
-7974
-1541
-8872
-213
-5637
-4249
4147
-4425
2332
-6513
-1305
2153
8181
6284
1956
3323
300
7654
-1700
-245
-6990
-5896
2536
6016
-4434
7416
-6472
-9142
-8235
6303
-3269
1330
198
8534
7630
-395
2906
-1722
7699
4506
3285
3009
-4507
4306
-6087
-4140
9784
-3883
9408
3196
-7651
-6170
1877
-3590
-1090
6952
9510
-7689
2058
-2162
-5882
4852
-4323
1956
-9075
8102
9549
8235
9763
-1128
-1159
-8271
-3014
-4584
8906
-5486
5307
-2037
3724
-537
-961
-2743
505
-2109
666
4221
1898
-1523
-4587
-6570
-5653
2019
9224
6028
1488
9268
-1714
-7538
5171
2288
-5821
-4464
-5501
7783
3613
-8428
2320
-31
-3737
-545
6897
7470
-2814
-9467
2242
-2982
4243
9531
-2331
-4751
-8741
395
6918
7579
6902
7999
-5645
-4765
1687
2168
7934
-6069
-6725
-1969
7156
1971
8008
6235
-4608
-2692
987
-1504
2092
937
-252
-9527
2945
-1691
5062
4514
5415
-8856
6652
-7566
-4830
2122
-7819
1327
-3481
4798
-8822
-2785
-3411
6202
-8928
-8017
7190
-3075
1671
-6427
9538
1991
1203
-5815
-1635
-49
6261
-3258
-3774
-6011
-3320
2225
1846
-8875
-8290
-9020
1432
642
5152
6505
-2273
157
-7681
9382
-6355
2166
8244
4574
44
7611
-3265
-5015
2420
-2234
-1024
6062
-9559
-140
1421
1137
-3048
-5179
-7856
2955
-3547
-4658
-7105
-9956
-8579
5479
-9754
3140
8687
7687
1110
-3315
9568
4180
9613
7100
7934
321
-659
254
-1034
537
-7103
-3719
-500
3118
-1140
2284
591
8422
6087
-2293
-6718
3205
1627
-5429
-278
7006
-668
5970
-1566
2594
-7822
6584
-9345
-378
374
-6230
7513
-4486
3735
-5000
4431
-970
7921
6043
-3693
5133
5631
-5875
-3296
-3161
1562
1714
1744
-754
6815
4676
-5526
-1262
6425
2407
-1220
3306
1074
-9386
-3663
-3375
-1398
-7385
-9141
6549
6363
-8582
-871
8017
-9197
-5183
-4357
4216
5158
-5618
-1167
4037
-1030
-8260
4803
3945
-8778
-135
-9541
2731
8292
-8068
-3027
-1900
7141
6933
6184
6125
5795
-834
-8459
8352
-156
-623
-2287
-1086
-2889
5970
2480
3296
-6156
6297
-9074
-7254
-5313
3080
9126
1811
2494
5859
-8507
-4347
3858
-5679
-9511
-6757
9258
9484
1506
5087
3017
9894
-7743
7696
-2653
2747
-7559
3883
1703
-8369
-8460
4913
-7833
6154
7252
-5712
1073
-6211
1827
-9031
-5062
-4249
-4509
425
7264
5565
-2602
7665
4531
-412
-1105
-2692
-5543
5281
-6124
-8139
-6394
-5835
9270
-7266
-1141
-7487
-153
2596
733
-7009
-3722
-2206
2129
-7602
9879
-5993
-2249
-8228
-3089
5129
8198
6336
8632
-9361
3640
-1114
7984
-929
8577
-9885
-273
1634
-5757
4761
9511
-6679
175
-2080
-2696
-340
-412
-2457
6020
-7489
3478
-8009
-6846
2280
2700
9604
-3510
-2812
-6910
-8965
3812
188
-1196
7366
7079
2149
-5643
401
217
-1136
-9145
-8111
-3681
482
-9930
-8094
7299
-7232
-6496
-3609
-4512
6652
-4444
5503
-6436
-2393
-5728
8623
-2461
8838
-6665
-1107
1385
1018
-5642
-8630
5193
8523
-6608
1432
6830
4674
-2601
4467
-8507
7149
9453
254
2336
192
-7686
-731
-9333
-7686
6623
-5782
-4168
-2722
-2926
-902
2720
-5671
-3710
-6484
-7549
3797
1247
-5959
-1470
3778
-6595
-8821
-6389
7290
-3863
-736
-6562
-4340
2571
-2959
-1641
-1983
-2597
7384
-9455
-8181
-6454
-4582
-8726
-6148
1030
6951
-2250
2399
-4545
3776
8729
-6725
-2974
6666
-9019
-6713
-8379
4138
427
-1810
3920
-9520
-1642
-485
7646
7569
-8654
3827
-541
6292
-1276
2890
7638
-8398
3216
-1346
5273
-3114
7821
7363
-9047
7217
-8610
-6439
2982
1131
-6088
3038
-8959
7797
-4257
6548
595
-7463
-1230
-3584
-2318
-6465
-9737
8459
7052
-6476
-989
2837
8294
-6297
-8050
-1711
2208
-8649
7071
-8572
-1465
-8188
8578
3372
-2723
2156
341
-9513
-1587
8659
-2610
-4191
7607
-6440
9173
-7139
-6274
1259
6802
7915
-5052
-8311
9005
222
-6502
8305
4923
-9391
9710
-5081
-9077
-7117
7619
778
5839
-8074
1979
-8924
478
2286
-4836
-9417
5784
-8068
-2744
6539
-4105
2812
8888
5356
-3458
-6814
-4630
-5719
-2773
-3579
6475
-1059
-506
-3114
9816
-758
7171
-571
5835
-2848
-4312
7427
-1568
-1602
9897
-8988
9266
6701
-3316
2555
-82
-843
7227
6817
-7429
-6637
-7756
-5881
-9191
-3037
-4353
-7480
8301
1256
5171
3652
2976
-9142
-7733
3173
-771
8743
7652
2495
7472
2664
-1717
5870
4709
9694
5326
8397
4286
-3228
1847
-3688
-5170
7926
-148
9311
9308
3123
-4227
-3517
-1574
9813
-8409
853
-5894
7534
-854
2506
-8983
-4547
7082
-8637
-2233
-145
-4146
-5330
8066
-322
-6651
8378
-7439
-2772
6774
4468
802
9143
3523
-504
-8570
2805
-1668
-3721
4974
-1801
6469
7251
-7893
-7710
5546
-7388
3973
9637
-2221
8079
6835
4874
-4059
9320
2785
-936
-7132
161
6088
4406
7143
-4328
2374
5085
-3887
-6922
2377
-1075
6533
-8145
4967
-8289
9136
-8944
7165
4959
4149
4467
-8369
5149
7862
4434
-2501
-9688
-5986
-8351
-1202
-7122
-1897
8353
5739
92
-114
-6991
-6509
-839
-8999
6394
-6107
1993
2628
-2422
-2731
-2370
809
3053
7258
8202
-6908
4652
-170
3172
3725
7218
-8764
4763
7643
-5738
5231
2635
3914
1723
-1997
-4770
-1842
-8639
-6823
3023
3927
6585
4947
-6167
-1707
3512
-2301
8237
3438
-43
3027
-7742
-9502
666
5463
5391
5015
6401
6367
-6406
-8130
-3631
3138
8504
-3463
-3037
8808
-4143
-5043
8324
-8504
-6275
9744
-8228
547
7484
8361
3592
-8498
-5285
2141
-6604
-977
-4543
7117
9362
8015
-4487
-7226
3933
-6160
-3114
-8947
-2809
2711
6898
6868
2867
-7738
-5601
-5591
4502
-665
-5961
8890
2923
-4705
7180
-5218
1230
237
2519
-4974
8928
5805
9377
3189
-8430
7622
-4156
-7428
-8733
-998
-5532
2063
3220
7739
-9011
46
-9885
4223
-4654
-2725
2279
7270
8060
-6710
-2290
4460
-5027
2837
-5108
1655
3574
2766
-5991
-7312
7271
2157
-1516
332
-6443
2938
2596
-665
-5133
524
-9278
-7845
-1769
-2330
-5905
-1869
-1379
-2941
553
7912
-1726
8412
5409
185
-5796
8378
-7658
-5577
-9784
-287
-98
-6824
-8852
7035
-3884
-7771
3813
-4289
6317
-221
6287
-2290
7435
5147
-9600
2394
4907
-3554
-4543
1483
-6240
-1063
9961
-497
-3525
-2690
2697
5564
2446
-2157
-3977
-5808
7069
5270
4062
-8840
3067
9454
-9007
-9782
-5415
926
-6779
3507
-3587
2594
-7295
-294
-7293
-6471
3456
1844
8628
6533
548
-6646
-4789
4685
-2651
1796
-3292
83
-2236
5108
-2539
5713
-3882
-1051
9206
-3331
5584
-3266
-6104
9980
-2811
5669
-978
8742
7071
-3844
6134
-1499
3280
6560
-8882
-7980
5809
5303
3821
2313
5887
1324
-6155
-6195
-4061
6923
7079
-642
-791
-1154
6356
-1039
-5769
-4809
5053
-1947
-2621
-6766
-1993
-2000
-3008
6063
7358
5125
217
9078
6752
-6880
-2999
7034
-8285
1028
9138
3399
5019
-2861
-2626
4820
1927
6802
-5886
1109
3745
2893
-1265
313
2906
9788
-3984
7023
3651
7192
4338
3473
-6023
-1580
8687
7043
6368
-69
1140
7379
1168
-9555
-7189
-4684
2231
8645
-4602
3579
3501
1141
-4796
-9622
639
3649
-7382
-7473
-6622
5326
-5645
2832
5972
-8511
-7794
4501
3228
5431
9550
522
-6804
4889
-1072
3091
7687
2974
-7656
1184
-3003
-1877
1357
8022
3848
2223
726
3887
-2793
-1046
4087
-6280
-5762
-9285
-9654
-1892
8423
-6483
4722
-9574
8214
8946
-6607
1096
7726
4210
-7899
5060
198
-195
5834
2480
6819
-2717
-2510
4167
-7289
2067
-7880
-7909
-8568
6695
-927
-6928
-1624
-2599
-5192
8094
4100
230
-1468
4551
-2809
3167
7232
6718
8018
1075
9123
-9302
9087
5485
3397
7132
-7330
5251
1301
-9017
1213
4700
-5656
-2219
-7115
-1011
1631
-5219
-4152
8409
6229
1261
6749
5967
821
-5399
-785
-5342
-147
4239
-5587
-5982
-9497
6244
-8626
-6886
-7061
7667
-9585
-5880
4843
-7307
2635
7689
-7410
-6103
-9457
9273
-1185
9206
-8396
67
-7137
-8635
257
9905
264
6186
9122
-413
8771
7684
8004
400
-9038
-401
-4509
5055
-1016
-5425
940
-3235
6296
-9908
4804
116
-5261
8095
-3966
-511
-1241
6441
-9465
-9514
5345
1680
8330
-4392
9913
7390
-8661
-5282
-1402
6651
4715
5245
-8854
4733
551
3869
-1721
-9391
4488
2483
-1359
-629
2433
-6765
1418
-7743
3369
9604
-767
-9721
-1539
6706
-3815
-5848
6423
5717
-9048
-5720
1009
6150
-2461
-3078
732
6882
4144
-6457
9100
-9469
2399
5617
-6472
-6279
8317
-8162
6883
9604
5438
6824
7878
9976
-61
3945
150
415
9860
8677
-4852
3857
3580
1441
-9225
5996
3149
-1220
1570
-1774
487
-4110
-6066
9891
678
-5431
-7382
9317
-7627
-6375
2943
2535
9328
9087
3744
-9543
9587
5268
1653
-1538
164
-2012
4356
-8775
-7771
8435
-6228
9899
7356
-8841
2714
-1404
3789
8726
-9886
8944
-7614
-8323
-5075
7286
-9965
8033
3681
-561
1512
5040
-5632
-4636
-8532
-7881
-938
-3823
7614
-6234
47
-3300
-1182
5986
8145
7092
3732
-433
1930
-2557
-8998
-8820
-5489
664
8001
7380
-7523
3660
-8402
5007
-6216
-6130
5305
8924
-4172
-6252
2201
9629
-5458
-649
8359
9904
5582
-8116
-8767
332
-5162
5500
-2344
-8770
2221
-8568
6738
4912
-7478
9972
3981
1531
-6493
-10
567
-3690
-6626
-9075
-5354
2310
-7672
6509
3032
-2004
6771
-9171
-1326
6581
-9080
-6052
-3610
-4740
339
590
-464
-2844
-7930
-774
-9893
-3017
3919
6677
711
-4453
8410
-1385
-527
-5404
-2463
-8588
-7438
-2213
9688
-2080
-6888
-9876
-1551
7429
-7293
7045
-568
-9648
-8423
69
1764
-2382
-2475
9513
2829
-1922
-361
1737
-651
4711
-668
-9869
4959
-7209
2934
92
-866
-8654
-7806
-4843
6507
-9035
6576
9075
-1400
-112
7650
697
-8654
8865
3680
8615
-7616
-6979
3678
-6735
5300
4450
-5684
-9483
6601
9257
-6490
-1314
8141
-2272
1471
-5711
-3710
-5519
-5439
488
-9749
-4490
-701
-4614
-1686
-4213
7560
8662
-785
-6085
-7207
-9498
-3970
3057
729
-8762
-5663
986
-7465
-8684
1202
-1637
-3213
-4199
-1109
-7234
5715
-7453
-7267
-8316
5569
412
-7375
-2551
1273
9627
-8557
8890
4175
-8066
7517
-7482
484
4983
4845
-4027
-8070
-7333
-2370
-2188
-8451
-306
7067
-7505
-3570
-5680
-7186
9829
-6931
7090
-5957
-4772
4734
7053
-6148
-8110
4344
4658
8187
9785
7520
4646
5012
8135
9966
5942
-8753
2323
1040
5909
-2672
25
-417
3134
-4
-9686
-3677
1851
3465
-1465
-6790
6505
5586
3165
9202
-9635
493
3121
578
4553
5811
-5050
-1888
1164
2973
8719
9353
-5257
-2408
-5657
9374
-2298
-1887
-7776
5827
6564
-2195
-3288
7114
5343
-1264
2216
-9430
-3233
4186
-7415
4945
-1542
4066
5650
-9955
-3425
522
-8773
-2999
-3179
-2923
3968
-7628
2906
-9550
-2306
7611
2190
-6174
490
-5462
-7229
374
2838
-6928
9871
3302
3674
-2717
-7583
1430
-356
-429
4291
-7435
5982
4582
6719
832
-9540
-2158
6108
1231
4086
-5892
1597
-6953
-7904
-1736
-5453
-2797
-851
4186
9893
8837
-8721
-3891
3406
-7667
335
-1271
2844
9247
-6579
-2392
7565
928
2085
871
-796
7267
-8884
6475
-6238
5622
2167
-9038
8710
1454
-908
-3916
5221
-664
902
5703
-3489
6100
-5444
-1365
6788
-4595
6435
5185
-2467
9551
-6323
-1334
-2848
-2174
3282
2240
-9918
4527
966
-5132
-2249
3855
9138
1830
9112
3160
-9010
-7307
4151
-980
-3925
-1674
-9447
7039
-1010
-6800
9402
7702
-9985
3387
-7040
2042
9035
6944
1150
-8562
7118
4891
6
-7779
7631
5800
8679
8367
7226
1686
664
1778
9317
8506
715
559
4911
-7885
-8034
2686
5619
-782
-9169
-6924
6657
-5020
6292
-1831
-3522
8867
2406
-8433
7690
-986
2305
-2999
7488
7347
13
8331
-9882
3422
-7735
-393
9578
-1196
-5873
8963
-30
-9077
-2225
-5833
5944
-5721
4863
4505
2888
443
-3394
1799
-4001
-482
-2194
-9572
3948
9056
4193
3290
-2134
5156
418
9662
-8574
5648
-1493
-8514
-4472
2063
9434
3119
0
4551
-9957
388
-4345
7292
-4943
5091
9496
-6531
9924
-9348
3251
8652
3802
333
-7181
-2604
216
-2487
-7998
-6628
9591
-6329
6872
5933
-4948
2749
9915
3480
-4022
4417
-7679
-6110
-7729
-5564
-1455
-3424
-6312
9521
-9040
1619
5458
9988
5229
5789
-5491
8410
-4875
-3668
-7067
-6002
-4650
-3116
4161
8405
5001
-8558
375
-499
1468
-4832
-2393
-1160
-6903
-5284
9132
-9732
-6382
6198
-4254
7112
-9062
9486
7821
-295
3469
924
84
9281
-9785
3963
-601
7403
4772
-4034
-4985
-9906
-9246
-2360
3049
4544
-5715
-2401
8896
-1380
-2204
-3794
-9873
1757
-1161
2218
-6874
-880
-238
4702
6961
-9580
5166
3113
2997
7228
8690
7377
-1129
-4339
-6649
7622
-3441
2478
6811
8912
-4309
7892
156
2241
-9985
-7694
-7612
1897
-5818
5124
1152
-2887
8151
1529
1990
-5319
9066
-6623
-7064
733
-486
6274
1909
4416
9620
4739
-9191
1143
4877
8862
-1878
-8168
-8175
-2538
2855
-8904
1387
494
-7193
4284
3400
2341
7472
3548
8815
9855
3687
-2355
-6582
3643
-1977
5191
4950
-9820
-492
9694
5669
4907
5438
8768
-2974
7130
6078
7323
-8308
2962
-4184
-9320
-16
4417
3265
8430
9916
-2879
4100
9769
-158
7458
4260
-9886
-6991
-5518
9260
2329
1513
793
3637
-2302
-29
-1497
-4495
-9913
731
-9959
7274
-3435
-3017
5192
-2908
4099
2916
-7536
-4465
6096
4562
-5814
41
8213
1226
-2253
1342
-9542
4919
-6838
-8244
404
497
-7289
-1505
7675
2322
4663
786
-7642
-4946
-6343
-7347
2002
5460
2311
5194
-5482
7032
-8122
-1438
-7343
-5429
-8490
-3207
4185
-2259
-5922
-9052
8181
-4270
-7236
7946
6526
-2872
1620
-752
7301
-5279
-8075
5732
7266
4828
-7673
-955
-126
2801
6078
9844
-5519
-6895
8577
9045
-8579
-5757
-2426
-7270
-6442
-7804
4677
8659
-9438
9300
-2623
3957
-5835
-8813
-4077
-1780
4971
9122
-7786
3207
-4811
3150
7844
-2094
6173
6472
9354
1814
4835
6242
-4943
7781
6678
-6065
5615
8008
2410
-8365
-8144
-2410
-6459
6442
-4272
756
4272
8019
602
8581
-2048
5044
3155
-5300
-5447
-2157
362
-26
-3468
-6360
-8892
-9958
4226
2394
-4331
3515
-5524
-6062
2454
1620
-1633
4947
7780
983
7232
9397
-4835
-8732
-5335
-5047
-5586
7419
3555
-4750
101
4083
9376
4383
-2372
-5504
-4084
9365
1312
-7716
3649
-8857
-8654
6649
-1372
-9819
-6738
-1629
9724
927
-6327
-8804
-3210
-9686
4905
-2666
-6986
-1865
-6808
2362
7408
2687
-6658
-3974
3846
9364
799
7056
-2018
8208
8321
-7656
604
9110
5046
-8427
6948
4808
8030
7509
-7272
-3732
-1086
514
7633
-7600
-594
-7920
-8953
1509
5279
6518
5584
2223
-4879
-7388
9235
5907
8212
-7853
-3295
-7923
-1957
6243
9953
-3257
-4702
-4457
7896
8896
-5962
-3211
1874
756
-402
3384
1726
2008
-5054
-5111
2291
-6185
-1311
2910
9989
2373
5724
3544
3961
8356
4219
-5441
7650
-3941
-4059
-5706
5863
6754
4340
-129
7419
467
-5968
4074
7207
1994
-6593
-5689
6169
-9885
-7188
3508
-8094
-1504
-3427
3252
-7779
-2167
7826
2788
2035
-4823
-7619
-4346
4001
-5375
-9310
306
-5697
-33
9009
-1417
647
-6189
5405
-7544
3602
4267
5417
-8794
8747
6879
-7815
-5674
-1288
423
-9768
8793
8116
2847
2376
-1989
8550
6291
-826
-2711
805
6192
-2173
-2410
3131
-696
5933
-8844
-170
4231
-7285
-919
-3816
2527
2978
3819
9689
-2463
2763
9948
936
-8711
5024
717
-6822
5406
4068
-9085
-9564
8173
-4130
7203
2457
7644
4702
4622
-9173
-9976
-6003
-5185
2184
3588
3220
6463
-3574
2918
2086
2028
-6955
-3401
4711
-1903
6835
-4974
9979
3688
-8204
-4892
2654
-3788
-3676
9612
4547
-6192
-904
-2189
3885
-1224
2586
3130
5629
1793
1445
-128
265
-503
-3149
-8221
-9656
-7401
-2613
-904
-4329
8748
-2044
-4539
-2536
-1462
9873
-2356
-7129
5167
1408
6017
-5937
-356
5592
-1248
5802
-1117
9611
-5078
6578
4838
-2510
-8793
-6084
-5508
-1702
-9911
-4296
-4564
-8737
6690
-3698
5966
-4555
-9958
5813
-53
7155
7313
-613
-6539
2674
4087
6027
1093
6028
1275
-3525
-3050
-5229
4541
51
1058
2508
-9079
913
4293
-9914
-3678
8020
-1944
1682
-5205
4232
-9856
7580
-2549
-9182
-6011
-7394
9384
746
2613
6919
5575
7606
-8934
5066
4890
-3059
3388
-1525
-1813
8872
-8921
-2292
-6047
597
5332
4672
3946
8518
-3928
702
9453
-6700
5612
-2736
5977
1870
-9444
3027
-8914
-7738
-8066
-4749
4298
3583
3504
8470
-22
4925
9415
-4265
-4799
2220
240
437
-1469
1156
-938
6573
8419
-928
-3769
-2135
-8201
6789
6987
3262
9172
5244
5843
3818
-768
-9148
195
8907
6644
-5555
-5770
-162
7987
426
-6919
-5237
4804
-1831
-122
9460
530
-2177
-7993
5564
-478
-2128
7605
3886
-6815
-1113
3274
-3278
5106
-5208
-9057
-612
-2682
-5638
442
8859
-6987
9712
3134
4586
