7360
2514
7644
9737
4167
651
-157
2916
-806
4910
5165
-6297
-8682
4231
8460
3676
-2186
6551
-5083
4138
7914
-7112
-6737
-3980
7540
6180
-656
3764
-3514
3210
2870
9565
-553
6694
-7259
-6740
2670
4026
9779
8875
466
-4876
-4410
-5116
8861
-2973
-5637
8766
5221
537
-8187
-3999
-3898
8473
1876
-7227
394
-2824
3481
-1300
4817
5620
775
9656
-2549
4141
182
5621
9963
-2430
4338
-1134
5664
9716
8440
-5631
6405
-3781
-6065
-1862
-384
991
9268
9301
-8369
-2555
8799
-5364
-5558
7873
-6128
6425
-2487
6135
-1303
-2774
-8063
2608
9838
-8251
7131
3377
5288
-261
-4106
6428
1464
5437
-5136
8349
7885
1115
-6716
-3767
-9261
-638
-8349
8369
2721
9582
6731
-7109
1985
-1119
9056
-5125
-2893
2723
7085
-1131
-2975
-2530
-2879
-9241
-8775
-9343
-6410
-2772
8445
-4300
-8710
-2847
-9961
3307
7407
-4326
3243
-3708
-8413
6903
2102
-1373
1555
-1368
6648
-4776
-6922
-7066
5034
-1502
-9639
-7669
4908
-6661
-1636
-6129
-4809
9343
-2929
682
110
375
-2385
-2284
-8234
9464
-4011
256
7095
6808
-3754
-7257
-6374
-670
4761
-3486
3752
-5614
-2256
-9102
-3892
5919
-6017
-4102
-6848
3649
-471
2377
6151
684
8453
-7902
-1461
9955
7002
8480
2092
7699
4077
1209
1812
8416
-1044
-7213
-4478
6983
-510
-6862
404
-1631
-1155
244
-5134
6131
-1148
-7761
8019
-4543
9616
9994
5732
7308
6230
-1940
-3136
4403
-8311
-1999
9924
-1410
4946
-715
68
-7473
9039
-563
9101
4341
-492
373
-5080
-890
-33
-6561
-8653
7908
-4331
4878
6446
8554
4097
-9454
4688
9492
-7763
1552
8790
5776
4493
5472
2900
-9894
315
8755
-3900
-3857
-7808
-4010
5612
-2356
-5158
3003
-4461
-268
1922
-1104
4430
9222
322
8672
8232
4986
4794
2489
2823
2447
6455
5462
8146
-3300
-5266
-1286
5132
6405
-6342
-3318
-2567
4308
-9016
626
-5218
-4286
-4483
-9761
9290
4407
-3652
5094
9314
-3005
1493
-6340
-7829
5236
2056
4272
-7609
5007
-5267
3165
-9405
9243
5255
966
-616
-170
-7543
-7930
1365
-6942
6198
-6600
-4107
3327
-6942
7447
4709
3992
-3547
2428
-8214
3722
2710
-3103
-2094
-8596
-7636
-594
5457
-9894
416
7964
-1496
-8720
-6479
9708
-2602
-1662
-7301
2825
3781
-6405
-7639
4494
2758
-9993
4867
-8365
1554
-1123
-7678
5964
2320
-7253
-683
8501
-9118
7149
-7892
-284
3513
-3155
5447
-5671
7953
7085
-6875
4881
2772
-4914
-1746
-91
-5162
-847
5121
5235
6701
1077
-7176
-6126
5739
-2436
-6477
2077
-5157
-1116
6975
-9771
-5185
3657
5588
-8169
-2010
3747
-4826
982
6216
-2751
-8390
9608
8187
4458
-1118
-4235
-5462
-5502
1618
6558
9883
-5538
4678
-2269
2681
-4817
-3130
3436
5393
-9665
5511
-1744
-5104
959
9499
-356
5835
-3696
-3982
-8617
-7893
-6816
-2659
-8739
-1093
4857
-6481
1096
-7733
-8777
-3670
1221
-5674
512
-5707
6736
8067
9329
-8020
9209
-403
-9932
-7579
-3672
1476
-7903
-3965
9378
1737
714
6167
-5926
-6057
-4515
7710
7806
9599
2954
7603
-2018
4418
7697
6139
2050
-1123
-2606
-5769
1492
-5049
7747
8654
-90
9772
-4091
-7495
9373
3868
-3707
6868
-6164
9253
-3203
-7754
-7478
-8376
4277
3405
1602
-611
8819
4903
-9566
-2623
9852
-1694
-1590
-6176
-6038
8602
5651
2294
630
-8828
9990
753
9268
4968
-7811
-4240
-4505
-635
-7335
2271
9275
-4869
-6098
8535
-6216
-3548
-6564
-5199
6990
6736
5492
2676
-9485
4646
4825
9243
7177
-6052
2672
9459
4637
5020
9956
-6538
-7558
5709
2109
5137
8012
3139
-5369
2930
-2679
-5927
-4516
2765
-7856
-5940
-7829
-4323
-7001
3765
579
8554
105
-1038
-1304
-6936
1978
-4309
4321
-6312
6767
-3272
170
-2094
-4289
-9144
3826
1030
-7910
9417
7595
-9385
-3960
4314
8201
-7958
5430
9816
-6891
-1551
-6808
790
-7655
-3664
-1850
-6618
3876
-8351
-7211
-4699
-993
-4365
-3837
3295
2098
4514
447
1936
8687
1794
-8291
7957
-1080
1649
9300
3055
-6921
2564
3291
145
-6282
2763
5211
-9030
-1561
-5479
4809
2586
-116
2405
6665
-3270
-482
1439
9705
5189
8660
-2696
-3820
6631
-7733
7344
-2322
-9241
-4500
-8491
-9614
1489
1755
1332
-2455
6999
-1788
7956
-7947
7245
-6112
-1525
-9998
-7882
1507
-9956
3786
4741
-7540
7284
-6272
7130
3932
-6055
4804
-4484
-2741
-8014
-7664
9841
7792
-654
-4679
4992
9931
5514
9944
-5024
8024
8036
494
-4740
4752
-3711
-6999
6558
-4913
4554
-7289
-3065
-3855
2827
571
-3164
-1614
6364
858
8095
9127
-8221
-1244
7074
4304
2352
820
-1738
-5388
9243
-5081
-2936
-1957
-5461
-5372
-1016
3208
-1023
9362
2039
9442
1713
-7669
1850
5237
8783
-4356
1654
4552
-2818
700
9908
-2281
-8905
6648
-5096
4175
5455
-8375
-5293
7499
-9563
-9396
497
-2827
4664
-2972
9001
-1744
-588
7534
-9518
-18
3936
4598
4652
-8868
3549
-1027
7160
-1767
-7413
9057
4204
-843
-8224
3339
-9764
7003
-5362
-1777
-8843
9965
-1582
-3896
9234
9315
-690
-3794
2508
6584
4782
-5035
-1526
-1527
-3719
7304
-6362
-9918
6055
-9106
-3044
-54
2826
7514
-5153
2569
5150
-2833
119
5672
9825
-5710
6897
-7265
7382
5728
-7694
-9324
-474
-5240
6141
5075
728
6641
-1519
-1126
56
4616
4652
1639
5229
8349
3307
4724
6225
-397
-4157
6661
5968
2897
8599
1023
-834
-8179
-465
5002
2280
8449
-8176
4341
-8238
1088
-2189
-9098
-9082
-6848
5841
-1058
7208
-1723
2377
8987
-366
4488
-8015
4793
-6525
-2109
-6153
-9733
5792
6646
4386
-5379
-1966
-8209
-8091
-6297
9601
-2360
-2620
6551
-7139
-1209
5348
-936
-8133
1014
7163
-9944
-4329
-4298
-8910
6954
9681
-1034
2333
-4050
3370
-4592
-4073
-8341
1040
-9361
5631
836
-442
1372
5053
6198
5854
-2075
9520
-2499
-9748
1081
2023
-8758
2207
884
-4219
-4871
-9311
4691
-6696
3598
280
-9821
4236
3158
2167
-5556
-7525
-1403
-3595
7026
-7913
-3309
1937
-8932
-3494
4509
6719
-2806
8550
-5820
-424
2111
4384
-1267
-9557
-4819
65
-1795
-3329
6265
-2557
5386
5299
-2232
75
-7732
-4816
-1781
11
9175
-9631
3094
4145
6421
-8456
8685
5947
7568
-2132
5631
-7118
-15
1183
-1004
-8137
5378
8104
-4697
-464
-2944
5598
9335
2735
-6380
-2900
-2029
9743
-7630
-9715
1332
-9244
-5357
6369
-8962
9072
-9060
-5979
-6769
-2501
-9693
2396
-2090
-2465
-7110
-4093
-4347
-3517
2719
4157
8627
-9804
-5618
8212
-6162
-7945
-417
-5860
6266
-1462
-9663
7904
-460
7803
7187
-5657
7254
3244
-5688
-1211
-9525
-7918
-7068
-8970
-6866
-5816
-7162
2667
2518
9385
9174
2682
-8926
-6979
5457
-5198
-9217
3210
-1328
-5485
-1701
9233
-2098
-6265
-2326
-7492
5192
-3028
8468
2480
-3801
-7965
-5633
-9809
3816
-5287
7583
6537
-3821
-3919
1498
-8055
4060
8756
-280
9695
-3469
9879
-716
7121
8434
9954
7885
5645
2863
-7796
7816
-6348
2430
-3014
7719
-7804
9319
-8334
-9027
5872
-2127
-5413
4022
-5175
-3560
-4306
-4290
-7021
9051
6730
9958
-1635
9590
2228
1151
8550
-2484
-6916
7584
5122
9643
-2060
343
9052
4028
5478
-8670
2884
3216
5643
-5389
-1529
-2378
1447
-4127
-2642
-6596
6545
2726
543
1373
-3001
-5107
-3566
4864
310
-9017
-5620
-6947
109
-3383
5100
-5833
-4079
2159
1832
-8487
-2254
4576
-9481
8095
-2391
-9090
-9561
-8212
-6534
-2122
8418
-8611
7820
-9066
-6604
-8673
8244
4670
814
-1262
-8417
6900
-1362
475
7774
-1419
-3569
-4620
-870
3978
8239
-9035
5659
6449
-8348
-4868
7627
7200
-2455
2892
1476
4375
7370
7043
-5764
2227
-5492
173
9222
-7771
-7275
6974
2002
3379
-1390
1366
5534
9690
9572
-1158
2462
7656
7222
-6932
3528
-9256
8651
-2669
915
-5488
-2102
3983
9448
-1364
-7764
-6064
-9356
7296
-6064
4253
-2787
3112
-4447
-1389
-9877
5557
9811
-2141
-4460
5246
2839
277
2815
-5390
-4803
-4669
-6896
-3739
1965
1761
1059
-9930
-1821
2302
-507
-2024
3726
-2084
-3987
7991
-1198
-507
4447
1057
3264
2435
7342
-4205
2648
-5528
-2800
-46
-8181
9506
-3050
6043
-8438
6024
-2023
6262
6210
-8890
-3250
8500
9132
6491
-64
9119
-9365
-7067
-7814
8487
-4845
-2278
-4052
-6270
-7738
7695
1415
9864
-1386
6967
-5398
-9481
-759
9432
5492
-7192
-2198
5556
3958
-7600
-9193
-2185
1680
-5195
-5312
-8682
367
-5812
3505
-2291
6703
-2952
3654
-5728
8586
7265
-4171
-9606
9458
1658
-1297
-780
5656
3136
7008
1260
-5379
7211
9648
-4748
8710
659
7213
-1055
3596
-1657
-7802
-5460
9957
-7201
4406
-7730
-3386
-8435
323
-7724
5770
-2023
-1100
-4488
7919
281
4950
1155
-4199
4398
-6183
-5242
5669
1147
-8498
-1823
-2378
2842
6583
-9038
4378
-968
3917
-6455
-7544
-7328
6332
-216
-65
7092
7218
-8858
-4837
6375
-902
-8851
5591
6737
-9551
7430
8147
2208
-6227
-2374
9926
8362
-2158
2008
-9124
5879
5255
5732
7387
-5005
1015
-1566
-959
-7680
-1343
1647
1649
-6590
-5645
-6608
2978
-431
5611
1943
8454
8749
-9617
1494
7762
4726
6077
-4200
-6705
-1289
2793
-8088
-1560
2460
1344
-8376
-6744
3604
-123
7527
-4256
7731
1808
1086
7749
3177
-935
7669
-8726
7821
5563
-4401
-3011
-756
-2389
5030
-3382
-2354
8496
401
-7050
-7940
-3740
-3745
-3455
-4464
7665
-4246
2768
-1709
7273
-8809
656
-9360
-3812
2207
-5123
-4835
-233
6457
-1940
-7346
-9616
7399
2330
-970
8129
9552
695
-183
-3173
-2764
3899
1522
5109
-807
-6658
-666
243
-7501
1653
1532
-409
3503
-4304
-2882
1373
3131
9085
8532
8929
-501
-6779
-2475
2244
-3854
-9590
-4518
2553
3280
-9935
-759
-3474
-4623
2348
7504
2960
7905
-7412
-798
-4374
229
2303
-7654
1583
6881
5516
5739
-6017
-2895
8423
3150
-3165
1000
4700
-1055
4578
8863
6447
6966
-4099
-509
-6054
8951
1140
-5688
-3560
2470
-75
-6064
-9380
-2552
-3034
-7273
-745
-7772
101
-735
-9931
-7573
9061
4043
9674
1943
9621
-1236
6426
-5067
-3200
217
-7945
5335
-3869
-1608
-1737
3681
7714
-6817
-1523
9007
6064
6901
6181
-553
-891
-8397
8575
7468
-637
7531
2010
3082
-151
-896
-246
7583
-839
693
-8461
3178
-1410
-2810
6040
1522
7286
5064
-5138
8078
4927
135
-5835
5693
2933
-8812
-701
4168
-1953
-7301
-8613
2882
8153
-335
5390
-8990
3801
4220
6107
8070
-4153
-129
1818
7084
6393
5648
-3638
-6205
6374
-8699
1658
-2134
-9551
5709
428
-5224
-1747
-9471
-6896
-5348
-2316
-600
-4424
8845
2753
-1339
5905
7961
-4503
-8352
-1948
270
-2742
6656
-2916
-4597
-2790
-3613
1650
-3850
5525
-9490
-52
-2958
-8893
-3283
8881
7627
-8712
-517
6813
-4314
-6691
1742
9375
-7573
6599
3100
3952
9646
-1918
-5852
5112
-6664
1897
6163
-2130
-5960
-4766
6814
-5461
-7658
-2780
2342
-9227
8587
476
-4158
-2932
4491
3614
-2334
-7153
7800
-679
2351
-7043
498
9627
-1952
3428
4765
-4320
986
5025
-5063
-1188
5798
-6515
-5628
-1862
4352
4768
6644
346
-4722
2591
-3331
-9234
6658
7202
2390
-469
4800
8895
-6559
846
-4391
-3430
1223
3080
-470
7013
9582
3338
-4680
334
-4023
5020
5590
6584
5351
-8592
7317
-9818
6065
7680
-5365
1112
9359
-3610
1803
-7109
3301
-5719
-1830
8425
-7376
-3685
-5503
7560
-2026
104
-7334
-2869
4289
8024
5150
-1780
1904
8213
-9686
2790
8033
-9357
-2390
2327
5723
7749
-25
8948
6750
5096
7743
-5318
-4014
7534
7166
-60
-4391
8997
9662
-4617
-3375
2689
3041
-6554
-3974
-1223
6431
-6917
5758
6418
6107
-6527
-9695
-7622
-5537
4644
4844
1862
3184
6804
2710
-7180
7437
-7323
159
-9095
-5740
9638
-8414
4405
-3755
-9039
-7140
-4835
3798
3278
5800
-5191
3081
1106
9573
-8662
-4734
6617
2040
1705
-242
6947
9458
73
3903
-7830
-4665
1945
6138
-1545
-4322
3679
1461
5738
2525
7458
3571
-7503
-6356
2524
-3027
-4612
-5498
4863
-3693
-4375
-6183
8059
-2970
-6456
-5301
-8782
3231
-1688
524
-7231
-9345
8486
-9916
-6712
5788
427
-8359
-17
7
8799
-3023
1557
-573
-5313
1593
2519
8163
2031
-9493
5854
-2511
-8441
5050
-1646
8819
-5658
-598
-5213
6003
2932
255
-8074
47
3353
2668
3774
-5951
-9562
-1299
9155
-3003
-4997
-8728
-7722
-9490
-3715
-8038
-7084
6661
-2085
6198
-54
-5499
-2691
-3750
-7017
5028
426
2997
2569
7538
8784
3369
1048
7334
2136
-934
4109
-833
-9486
-2152
-8001
-8115
-5619
-2741
8052
-8056
7210
-3404
7107
-3445
3771
2518
-241
4911
7884
3736
887
7585
-3348
8991
6799
4024
151
-991
-2136
-1435
-6493
4746
-1337
7279
4854
-3152
-2990
-2584
-4686
432
9448
2459
-4520
2913
8232
7760
-6506
-4358
9944
2026
-5316
-2572
-5446
-4349
-2885
-3273
-4093
-5374
-6638
-7588
-7565
-5849
2929
-3665
-8713
8416
-3371
-3563
-6000
-8658
5463
-9943
-381
9305
5145
-3780
2907
3716
-9801
-1332
8941
7818
8770
-3144
3104
4009
675
-9091
6324
-2318
9579
-7020
-1066
-9565
-2235
-6072
-5758
4528
-9411
3140
3328
717
-5531
4534
1542
-1464
-3249
4154
7025
-8252
-9765
-4215
-7768
6400
-6174
9187
8552
8101
-109
5019
-4410
8813
9806
4499
3301
-2413
3844
5388
-1649
-677
-115
3637
4885
3048
-2966
-6576
-5465
-3711
-4497
5237
-1551
4089
646
-1137
-3921
-8851
6658
1219
-1660
-762
-4622
-369
-1165
-1706
-5036
5728
7860
-8851
-4923
-318
-2932
6086
5979
8838
-3012
-5517
8284
-4562
9824
-3928
23
5579
-6099
-4935
937
2693
4860
-2347
-2717
7453
2304
-6701
-6947
-61
4365
-9214
-2451
308
6653
-6322
2782
-8813
-9433
3321
-7151
-1608
-5352
6071
-1828
-8215
-4701
-8220
5013
-2051
2041
9328
-6626
6328
6198
210
6401
-882
-1395
3178
4833
-4120
-2301
1742
5656
-2915
2679
8548
2769
-6992
6331
2695
-7584
-2843
7969
3540
-5128
-5155
-2179
7769
955
7115
-6946
-3474
7671
-5470
6395
-5761
-5987
1027
-7964
-711
7011
-2793
1181
-4224
4036
-4537
2963
-5861
3389
7210
-4093
3603
-4134
-7430
-9641
-4845
7930
-3686
-2893
-9135
5846
-6876
3302
4641
8502
8181
-8793
-9985
-487
9976
-2031
-3438
-5988
-2270
-1116
-5371
-4840
-60
6447
1606
3477
4553
2189
-9344
1207
3065
-9955
-6509
2399
2675
-1335
1340
-2247
-9455
-7608
8310
-5400
-492
9695
-1968
7003
-3059
1710
6455
-2451
-7711
-6328
-3108
-582
-9336
6763
-5950
-7871
-3609
9499
9001
4702
-7019
-9645
6246
-3808
-5086
6117
-9111
-291
3768
-2158
-6784
6203
5857
-4553
-6145
5342
919
-7311
-7491
657
3940
-4473
-6305
5283
1805
4215
3858
-3280
-4252
5938
-5571
5481
8464
-2687
7065
-1637
-1593
3438
-2571
-74
-2763
6020
6312
7754
-745
-559
-2034
-3260
8912
6581
2986
-9349
-7874
5758
-7592
4829
4072
3032
-5828
3971
1714
6019
-4585
-4921
-8098
-6708
-6174
-3467
855
5158
-6553
-2833
-8552
-1768
6453
2443
3312
7115
9000
7986
-467
3441
-5068
5045
-7304
-7376
5641
8676
-4906
6885
1810
-312
-2268
8500
-7715
-5349
1352
-9714
-9336
128
-9885
-1932
-9043
-1638
-5636
-448
1605
-3105
242
8092
-3295
-6456
8461
-6065
-840
1959
-8575
-1752
9944
9631
-4913
-2249
4883
-262
2785
8958
6664
-1026
-4140
-5394
-8344
4649
-5088
-9049
-7941
-2360
3070
-6250
-7437
-5655
7594
8079
384
3936
-4955
-3890
2537
8753
-8194
-5555
-7138
-104
4213
-5944
-9616
8448
7990
-6761
-9491
-9400
-1772
-4253
8537
9049
7358
8537
-7297
503
842
6930
-4772
-7882
-4841
3671
-8841
-9556
2508
1667
-7813
-8552
-53
-869
-9241
4539
-7024
4545
548
-200
-8106
-2496
2806
9189
-5452
1246
-1969
-2099
4838
6244
-4452
6443
5004
3867
-3913
3072
5766
7834
5051
8307
-8753
1385
-1239
-1926
-7214
6353
-5458
6775
-1211
6015
-8770
3591
-4504
5697
8762
-9581
486
8354
-1555
-2143
4290
6850
-8858
1000
-269
7644
3758
1405
-8643
-7924
4636
-4881
7264
-6855
-6692
3933
5244
-5402
225
9706
-7651
-4383
-2997
903
-6763
-439
-2094
772
-3202
4253
558
8486
107
7266
-2286
-9475
1761
-9706
4314
9685
-1611
8835
7419
-4939
-8921
-3239
6674
-1498
-9362
-9112
6419
-8423
-6681
-4451
-1365
4756
-8711
-3288
2480
3398
-1073
6492
8170
6121
-6451
-2370
9426
-406
-7179
6568
5994
4974
4691
8591
-4420
-954
-4053
-4989
-2709
5408
737
-4783
6744
6921
-7371
-9631
9746
1091
5126
-7538
-2464
-9956
9298
-4867
8397
-2105
8067
7937
-3800
-4229
4598
6351
9644
9073
-4817
-7416
-395
5118
-1991
8469
9050
5576
-1557
-1706
2708
-5662
7135
-1445
2374
6450
-6788
-2518
-4287
-3829
8177
4188
3299
-5336
1410
-6145
9253
-1826
-1456
7425
5405
-9469
-3779
-5403
2193
-1693
1376
-2956
1848
-3570
-5275
1552
-3107
-9186
4353
-3426
-9161
-9767
7877
5777
3352
-6135
-1
5674
-4800
6884
-7083
1328
6174
-9720
7593
495
4469
182
863
-7064
7921
2835
-9181
-5705
-8717
-9063
5499
-1541
1269
8305
-262
-3072
4798
5004
-7304
5519
-6376
6350
9232
5693
7207
-6854
5189
-6683
807
-1384
-8818
-6028
569
-7776
6543
6143
79
-367
9755
-2657
620
4758
-9428
-4275
451
-5120
9754
887
211
3918
9133
9481
-8919
6865
3992
-1746
-881
6970
3999
-4548
-6048
-6732
7611
-5936
-3745
4398
8317
-5430
6152
-2665
2486
8001
-7527
-3584
-254
-7555
-7491
5961
7954
-7718
3499
2720
2442
2879
-6972
-9446
-7594
-2752
-1110
-3962
-1182
5798
8616
-6186
-2270
-6795
-7169
-7128
3606
225
4939
-4093
2511
2621
-7606
-2916
-27
8709
1756
-3492
5368
-5122
2276
7569
8906
-7580
-1190
7383
-6549
630
-9371
-7022
6324
8296
7843
6431
-4561
3351
5847
9879
-5277
5534
3967
6927
-7594
-4607
3874
1086
3942
2637
-4046
-811
-1273
2890
-5080
-9065
332
-3923
-6952
3273
6459
-7251
-2210
3959
7394
-2033
-6893
9738
-3413
252
4332
3197
7275
2457
-6816
-2708
7032
2008
6938
1434
-7311
-7265
8005
-2471
-4847
7334
3748
-3639
6090
-5166
-1663
1052
9015
-8182
-2055
-23
9267
7862
-1992
3172
-234
-6179
-1969
-1800
1122
-4302
8874
-4568
3374
6259
-6021
-7300
3041
-6165
-4108
-2672
5305
5830
5410
-4052
8957
-1914
975
-7488
-8501
7178
4840
-1925
-1796
4728
3175
-3427
-5385
-2978
7064
-745
5269
7511
9657
9489
-564
8624
-1287
9679
4254
2210
-2840
-683
-871
-6980
-3363
1599
-9986
1899
9743
4576
-3813
-9451
-4251
4043
208
6948
4258
-8657
7294
-4471
-2164
396
-8402
8388
6180
-6316
-8802
2198
9829
-4087
9734
1751
-7251
7740
9389
-8057
-4089
5367
373
-8217
6714
5906
2049
-8820
-5754
176
3700
-5206
-8292
-3107
5006
9332
-6419
3937
8611
5082
7165
-5235
1358
-3909
-4764
-6817
6209
-624
-1810
-8751
9246
-2777
7817
7787
-5841
-6543
-1425
1946
-9595
-3639
807
-1150
-8238
5803
1705
2435
-6253
3847
8478
-747
5713
-2171
-2546
-5273
2119
6812
-2595
-4096
-3521
-838
-4260
-138
7362
-6359
2669
3977
-2691
-5153
7639
-6070
-564
9023
-7646
7912
-9746
2733
-9227
-8749
-3228
4215
7905
-46
3337
3552
6933
5167
-1687
3679
2970
5010
-3732
-2375
2175
7072
-5786
-5446
3743
-3893
8348
416
-6305
-1467
4826
-5439
9955
-5760
8748
-4747
6993
578
9648
8454
-8625
3810
-7483
4011
-7454
-6783
-7799
-1670
-5047
4929
3236
3543
5785
-1136
2925
-5107
4482
-6776
-841
3763
6015
-5860
6482
-571
9030
-6491
-8823
30
-750
-752
-1567
-2159
8452
-6327
6467
2938
-7362
-4102
1353
819
-5013
9638
-3077
2621
-75
-2745
4507
-777
-7159
4694
-2154
9807
9433
6646
-9544
-1034
697
-2397
-6275
-6053
3424
-7590
5223
945
2282
-4239
2000
8041
4937
-1118
-7061
5205
378
-7622
-6342
4773
-8285
-6203
-7261
-8770
-858
-6662
-2132
-4170
8224
-5357
-1249
85
2912
8530
-9214
6563
1464
9188
-5220
5468
1335
-1659
-3693
-9643
3049
-1831
6609
-9605
7485
-1074
9390
-1515
-4983
9198
6838
-9053
-6528
-2988
-5135
-7955
8199
1082
8771
9377
-1471
8350
-2681
-3732
8318
-4738
-976
-2811
4347
-2714
4168
-2242
-4238
-2953
-2258
-4637
7302
4739
-608
-9051
922
-7929
6299
-4240
5142
1052
-102
1670
-7639
-7314
7576
-952
-1947
-8009
-4870
8006
5318
9259
-1700
197
6854
2934
492
-3565
-8459
5259
-8943
4137
-7990
2722
-4199
-6023
9650
7640
-8885
7760
5151
7994
-4430
3067
-9547
-8258
7098
-1886
-8424
-3782
-2592
-6306
-7637
-8335
-1447
-9840
8036
7225
4013
-2278
-7599
-9325
2728
-1081
-9620
-6191
-7754
1704
9549
-8005
2122
-5499
-4959
3820
4718
-3396
-5435
-2502
-6729
-170
-3760
5889
4043
-1128
-1879
-8878
5875
4608
-8676
3841
-3316
-6852
7745
-9511
-6509
-1168
-9744
-1940
-5720
-997
-2750
-3032
-7141
-407
-1490
3055
342
9446
9637
-161
-8758
9761
6193
-1752
-1092
7960
-6555
-3953
3584
-9661
-3516
4595
-786
2076
8986
1015
-5830
-4380
4511
-4705
1710
6529
6809
-9291
7520
2626
76
-7439
-1784
1622
-2616
628
-567
-3848
4712
6376
9140
-6813
4736
622
-3243
-4440
9529
-3746
-8420
2252
-5002
1010
-9222
6199
-6652
-6955
-738
1391
4847
-9197
6389
-2889
-9363
-9972
8624
8267
-5405
-1923
-9852
-4249
-7494
1759
-9757
-5494
3408
-4718
7968
-5408
5026
-1306
5949
7141
4107
-9276
-7029
-9301
8446
1829
-9490
5903
-8244
-803
7499
-7497
1653
8443
-2934
-2039
447
7757
2160
3737
1576
4466
4003
-1156
6657
-8524
7557
384
-6071
-4447
-1124
-9459
-3042
9246
2597
5978
-1808
-1956
-5088
1894
9552
429
-2596
-5711
-5476
-991
-3869
-152
3424
-7685
-5246
1456
-8825
-7744
-1340
1712
-8916
3269
4786
-9996
-467
737
-680
-2655
-1262
-8799
9963
-3742
-850
3944
-4789
594
-8234
4482
-537
-4198
8027
8686
9477
-8347
-8993
1340
-8884
6848
4078
2914
-9246
-8670
-9628
2152
-2442
2488
1321
1993
-5025
-2976
4223
8806
6787
1279
5187
-5060
8723
1774
-799
-5775
-8036
-6889
3178
9666
4331
-2650
-4968
-6968
2959
9507
4331
-6889
7406
5180
5933
9363
-7353
-701
-6176
2468
1038
-578
6728
3637
4090
5577
3701
-3082
742
-895
-604
-4978
-1503
-2338
3607
2772
1500
-9382
4685
-8402
7384
7921
4400
1038
-8446
96
-9511
-4121
-3136
317
3117
-6950
-7033
8826
3379
3326
5245
303
-5338
3365
2152
9542
9135
-2892
1758
-3434
6065
-6933
-9030
6226
-8195
-2717
-4940
-1159
-5631
7706
8742
-5615
-737
1573
4196
-4864
-904
1633
4306
-2906
6183
1966
7063
-9013
7815
5038
2701
-9333
8066
8317
6060
-4855
5232
8803
-7119
-8645
-3272
-9084
-5466
-6402
7817
-6844
-2427
4390
-3241
-2293
-9728
-8390
-8551
4395
3509
6833
1018
6239
3710
3221
-4163
8397
-7629
-8244
5902
-4884
2704
-6907
-3884
-7011
-1763
2199
6229
4703
6704
8270
-3820
-1060
456
-8649
9603
-2391
-1160
7391
-876
5420
-4691
-8962
-3497
-5920
-8093
6220
-7428
1271
-1549
7799
9377
9710
6600
-8222
4771
5973
4837
579
-7684
-5931
5689
-6596
-7337
8019
-5556
-1237
7916
-4041
6398
1050
-8843
4349
-7132
-2295
-2824
8755
8045
-1362
-2367
392
5198
969
-2525
4842
-6737
-7176
-5494
-5988
-8662
1581
-9924
-8621
9779
-2349
5384
-2899
436
6378
9191
-8055
6685
-77
-3838
-6503
4483
3608
4424
-7177
-7052
-7142
4313
-7166
5046
-5595
2850
2513
5691
-712
1358
8032
4256
-1385
3635
-5584
8647
-6631
-78
-6315
-5581
4119
4465
8578
6460
6985
-674
-8011
-85
-5192
-4725
-2442
1657
4424
-9633
-2000
1425
-4937
6414
3372
-1192
-1054
-1780
-3646
-1318
507
6308
5329
489
4379
2036
-8994
6052
6307
-1300
3784
547
946
-4177
-8176
186
-3724
7672
5157
3172
5385
4518
1269
2478
-3596
-8773
2497
-7187
4179
337
5420
-8981
-7953
-1833
7349
-1061
157
9325
5034
9060
-842
8077
-8536
-6930
1881
-2825
9008
7093
-2799
405
5885
-1818
-4655
-5301
-8315
2472
-516
8384
4535
2513
2740
-9321
-5071
1389
-9630
1530
-269
7283
-1114
-5322
5432
6744
-3842
2746
4307
627
-2186
-1285
-2665
-5412
8477
6496
7595
4347
-4851
2202
9909
-3449
-4716
5627
3504
7854
4256
-4728
-1895
-6484
9480
-83
-8900
6727
3290
2651
1926
-6257
421
5305
2540
1187
993
9503
6053
-4822
9624
-8596
9248
-1526
-5840
3449
3454
-5886
-4954
2523
360
1425
1697
2105
3469
-1078
3435
4395
5179
-8662
9652
-2469
2995
7291
4659
-5375
3420
-5975
3568
6329
4702
-7661
-7966
-8812
9048
9893
6164
-6869
5657
3631
5651
1467
-5600
9348
-2595
-7687
-6701
6582
-3058
-267
-6781
9996
-3218
228
9629
-4757
2260
-6371
-8876
9315
7221
-421
-4565
-3350
-7172
3764
-7298
1140
1675
-698
2052
7929
1887
-1534
-5062
354
4640
-9328
282
9436
-5258
-1871
8940
-7404
3133
5757
6239
-6682
-5110
-2862
6781
-5302
1839
9638
5656
-7324
5751
1635
6124
-8769
-301
3816
1511
-8429
-2305
-1128
5797
1600
-8786
-6573
8328
-8160
197
8599
5551
5343
-900
-163
4342
6253
8649
5945
5130
5406
4918
6296
-2802
-3639
-9255
-2731
7415
-6530
9544
-4599
9491
-5923
1143
2940
9250
8529
7854
5600
12
-9846
6398
-7652
-7067
827
7309
179
257
-6012
-5102
7837
6065
-8356
7120
8923
5318
-3528
-6138
-4556
6320
-8969
1227
-4578
5178
2991
4198
-2389
7512
-57
-9742
-347
-9814
-7045
-4818
9991
-4159
9407
2978
-5795
-8427
-5635
4352
2938
-5831
-7605
-3688
-2237
7660
1502
-4685
-283
-8428
-7143
294
2744
5323
4921
-9212
-828
-6941
6181
1061
7690
384
-7416
3667
-1047
106
5184
-7392
210
-3227
5290
2186
-4054
3725
-8073
5828
4236
2830
9759
-9353
-8660
5375
6350
2864
5838
4831
-8322
6052
358
5301
9330
-8451
2815
365
8824
9717
-3867
-9452
-8952
2898
-1097
4455
-7940
8083
2861
8134
9528
-2351
7384
2210
9323
9461
3930
-9837
702
8041
4800
4380
-7537
-179
-953
557
-2367
3540
3934
-5640
1584
1706
6958
-7351
6243
-9805
3411
1525
3922
1911
-2887
-7607
2978
-1349
7424
-9802
5656
-2385
6123
4359
4808
-1821
-3080
-9245
-1824
7665
3711
-428
7450
-2706
2912
6732
-8301
7643
-7100
918
-5992
6051
575
-3742
-5225
5731
-9560
-4566
3758
-1685
-1764
7742
2284
-673
5689
8746
7344
-694
9588
-3986
-2040
6806
-278
7191
-8483
-4153
-2624
4548
-516
-9194
8395
-5007
-473
-5897
7709
3285
4372
-7496
8134
-5372
4094
-1696
-8457
-8156
3359
9510
-2734
4449
1010
198
6903
4731
8656
-150
5217
-6227
809
-214
-2932
-1003
-1740
4537
-5664
7672
-5109
6292
-9201
-5065
4684
9154
-5668
1583
-1476
9764
3764
-3277
8249
-6430
1663
-8241
4106
-7827
8810
-5297
1676
9583
6228
-2920
5560
3878
4172
-1778
-1808
-295
-7837
1906
7773
-7024
1560
-3111
6640
-1202
-2389
5018
-8855
-4367
3575
6065
-851
2941
6208
-3520
7638
-7926
-7386
5463
141
-6080
6633
6516
-5609
-5069
9142
-1318
-802
5380
-1289
-7560
4490
8565
-9316
6821
8807
2729
7943
5124
3126
-1820
-4856
-7357
-6660
-8604
8759
2523
-9322
-5301
229
1782
-4422
-6717
-4608
-5213
7653
4390
-4654
-4546
-908
-7828
3017
-4364
3482
5699
5349
9019
-2209
-3289
959
4472
-3199
-4133
3703
4463
-5847
-8628
-432
8261
-9935
-3816
-6116
-4370
6221
-7197
-9817
1151
-5300
-1075
2259
9923
-8365
7522
130
4089
9272
7138
5952
-4185
9058
-7817
-3024
-5973
-5091
-465
9584
-7017
9101
-9732
36
5234
-1533
8881
2258
3843
-3600
-5173
-3403
-2950
115
3435
-6219
-7618
4126
-176
8107
7517
8109
-1393
3599
-917
4494
2547
3302
3227
9555
5942
-3962
4562
1791
8784
201
2752
1719
2921
-2167
-2667
6327
-2687
6064
-1136
-4205
-6391
7868
-1877
-6342
-6159
-8702
7516
-7817
-830
-1019
-8713
3127
-4529
-588
9305
-3890
-541
313
9390
1165
4565
-159
-6521
878
-8989
-3628
-3062
-4214
5900
-5357
7728
-4633
8402
4420
5661
-4043
-4256
-1539
-6908
9032
-5622
4803
-2322
-3439
4220
2290
2785
-9389
8996
-2659
-5021
-7013
2315
3563
-8111
-3047
166
-6419
-8473
-7155
-2747
9185
6745
-2394
3444
36
-3383
3502
-9975
-702
1348
4937
1252
-3265
-4779
-7309
-8584
2741
-5698
-7033
5640
9160
-7833
-5412
-6029
8908
8370
-705
-6907
8155
-7111
1097
5083
2935
4308
-5361
1261
2945
-5724
1818
-2240
-2766
9441
-7336
-2151
9550
-7863
-6664
-248
4104
-2924
6389
-7120
3968
-8244
-2874
8243
6123
3019
-600
4751
-9826
-6833
-8853
-1850
5242
8813
-4572
-6052
-4702
2561
4214
-3752
7012
6330
-612
-742
-459
-8747
1043
8903
-7814
7544
-3783
3063
-8948
1602
4016
6090
-7227
-4868
7941
8359
6507
-3037
-3405
1944
4754
-1713
-6768
6420
-5535
-405
-5832
4616
1754
-6821
-7350
-5337
3194
9041
-4797
-2274
4381
-7658
4352
8749
6886
4371
6493
8771
-4095
-982
165
-258
9482
-8630
8411
-9765
705
7005
-8111
-9070
1352
-3909
6853
-5504
3553
1584
4241
-3253
-754
5382
2406
-348
-6308
4111
4699
487
3828
-9555
3146
2807
8941
-5987
-268
-1849
36
4661
3335
1971
-7811
-6589
-4190
-1982
-4842
-9703
6767
5485
4431
-7447
3694
-1141
-31
-9728
-4534
-9075
7194
-1391
-3199
1847
-2488
-6888
9933
1734
-6277
4930
-8362
-8948
-3873
-9766
6664
-9596
626
-5939
4166
-121
-1156
-6804
3935
-2982
6722
-9626
9886
-4969
-4397
1683
9445
3295
-3735
-8079
-1165
-9319
473
-674
7171
-9373
-9936
-2770
4608
-7988
-5338
9027
5438
-6195
9026
9954
-4249
-7853
-3903
7604
-6186
-3151
5909
-3536
624
537
-2934
-1492
-82
-3305
1567
1862
2051
-6474
-6072
2412
-3666
2501
8769
8807
8829
2870
-6861
5069
4975
-4235
5356
-9242
5876
8303
7736
-7344
2267
2568
-2424
-7371
3086
-3507
-3327
-3858
-7805
9035
-9139
-5854
-8476
-3496
628
4280
-6903
4658
-7467
6416
-1367
6903
-4665
-5941
-7739
-1075
-7430
-6716
-4315
1836
4009
4942
-6057
1169
-9196
412
-2563
-9310
3067
-5643
-9211
3724
9848
-4279
5155
-1438
2533
-1197
7510
-1460
-2715
227
-2811
-2571
-647
-5736
3494
7757
-6171
4792
5123
-2669
1153
7391
9472
-7458
6944
-8320
2377
-13
-9047
-2547
-5532
2417
8981
-2904
3761
-3749
-4181
-5414
-8269
4096
-5974
-5049
-2117
-3630
3905
3480
7049
-2061
4755
6301
-8583
-7436
-6019
9439
-8495
-1096
-6706
9635
-5232
-6166
2612
5287
7755
5597
-1086
-4208
9996
-4685
-5766
-7241
-4548
-4393
-699
-3525
5902
8868
9009
-1377
-3811
-2962
-8631
1859
-385
996
-6634
-1398
-4979
7669
5048
4863
-6675
4617
2483
1190
-842
-1204
7747
-3610
2402
-3095
3197
8665
-5014
6785
-8936
-6909
-9772
2511
5975
775
-4982
-1773
-6543
-7458
2946
1573
40
-4362
4926
-4729
-1925
6437
8050
-8454
-8747
-4089
-8879
5243
-9660
-735
-823
3066
235
2625
-3968
-8290
2788
-704
-3061
-4803
9872
-4709
507
-3921
8193
-9150
1142
-7885
-6042
3212
5323
-3914
-7293
6713
4035
1860
-7877
6720
-7598
2354
6948
-2145
313
860
4227
7787
-4266
-8678
-3669
-69
9921
6101
-847
-4074
-238
-8714
135
-2332
6673
1645
-9114
3833
8356
4622
-969
-8330
402
892
-3767
-2239
-2184
-8056
-1533
8705
-603
-2551
-7479
2119
-22
9829
6304
2909
-3955
-6642
98
8085
3804
-1220
-1210
-7223
9064
2431
-2320
-8189
6829
-3165
1375
5802
2872
827
-3619
905
7586
-546
-3667
-5364
-1881
8680
-6910
-2323
-8548
-7778
-8672
-7628
-1073
-4074
5159
-6308
-4685
4767
8971
-7690
4060
9457
8494
8867
6671
5619
-5769
5407
2645
8200
-1022
-1664
-1546
-1503
8083
5259
5347
4766
-5068
5658
8622
-3787
-6160
-1924
9183
3949
3153
-9020
-1746
-4855
5475
-8468
-8618
8351
-3891
-1627
5005
-335
-3344
387
7204
2384
-9819
8112
-9298
9309
5466
-9656
7605
9004
-7620
-4469
-2106
2638
-1309
-4928
-1022
-6445
4819
-1156
4819
-1282
-3879
5217
2794
-8062
1648
-3087
-3917
-6299
-5712
-8807
-1535
2575
3560
-3301
-3369
7898
9567
-4842
484
-5678
945
-5457
3247
-5154
-4428
-4938
-3797
2013
6809
9894
-751
-3444
-6474
-7228
9721
7602
1363
6384
4733
-8815
8544
7717
-6608
-1347
-1705
3417
-8582
-4186
6091
-4268
-2427
3674
6041
-7852
3850
-4603
6038
-8679
6792
7964
-772
5717
-6871
-3252
2188
6113
4086
8617
-8593
9271
5536
1702
6419
-8989
9259
5509
3351
3257
-1788
-1117
-8657
8151
8092
721
-4674
-5202
-7898
-8568
-2453
-7469
-1015
1575
-1911
-3713
6578
7735
6495
318
-2564
-5223
3681
-750
-7100
8901
-358
-4926
6135
-83
-5085
3405
4560
-3514
5261
5164
-5054
3111
5193
-1877
7548
-3373
-5180
5569
2239
3533
-7777
-2714
-7262
8005
-23
-7724
3577
3424
-4358
1563
-9256
4754
-1656
-1379
-8939
-4111
-4504
8449
8666
1206
-878
7060
-5500
3344
6557
-7370
-7213
5014
9127
-3967
-4023
-4249
788
-1893
9588
4896
-5109
6855
-6846
6518
-1738
1403
2192
1176
-8
9803
6142
-4160
-3794
-3925
2356
-328
4318
-9145
-3697
-8492
5423
-2944
-8901
3883
-816
1962
-5559
6778
-3432
711
5136
2221
-2470
-6896
2331
-9292
-8807
-5607
5601
4100
-3562
-8635
6198
-5745
255
-742
6239
-8207
5361
6512
4267
-7937
5100
1291
-4370
-2908
8751
-3768
-6530
888
-2792
-5274
-2442
-5609
9874
6102
5209
316
6859
-6106
-1630
-1530
-8761
7202
7398
6267
116
1141
-5747
-4743
-1478
-9981
4305
-7526
-6022
-6041
-3798
-8946
1228
7988
5360
-5604
2110
6432
-4132
9826
-6895
9381
-5101
-4995
-9557
7802
976
-9529
987
6094
6733
-8552
5383
5440
-5853
4
-4364
5173
-2566
-3500
5606
387
-2651
-8434
1062
-5279
9336
3497
6116
-7131
4634
792
-3258
-432
9552
1591
-6911
-6855
4538
9010
-296
953
-6670
-4009
9786
-620
-420
-3750
5856
-5887
-8336
-5343
1271
2053
-4037
-6417
7615
-5318
7539
4439
8194
5101
-1947
-3676
-6282
839
9398
-60
9635
3066
7826
8015
-3613
5773
1984
-2274
-6641
-6596
5051
8887
-9333
-9639
445
-190
3485
-9585
-7162
-3441
9302
8298
-3419
5978
89
1213
6502
6554
882
3091
4807
-4074
9766
877
-9977
