11800 930
20
18
34
27
54
57
28
37
55
31
33
35
45
12
37
51
27
21
26
21
17
20
35
18
40
42
45
34
43
24
26
16
36
23
25
40
37
51
53
57
56
15
52
31
14
52
20
57
26
14
48
18
44
39
27
45
49
45
57
12
57
16
49
22
52
29
17
54
36
10
45
53
23
12
12
25
23
12
50
59
48
27
14
24
20
27
38
38
54
24
57
40
47
51
23
44
58
58
18
17
21
24
35
58
29
54
14
36
42
47
25
37
55
25
13
57
49
50
40
16
24
38
23
19
20
49
16
30
28
52
23
52
17
25
16
11
41
24
46
33
15
28
22
17
10
46
40
28
29
26
39
11
19
38
29
12
20
19
16
20
36
14
23
37
59
37
39
32
57
53
42
56
19
35
22
35
58
44
32
12
14
15
25
31
22
36
58
22
29
20
15
51
55
14
42
47
19
29
36
39
52
24
58
19
42
35
40
17
14
59
31
57
22
12
28
57
33
12
27
45
14
46
47
54
21
17
25
45
49
38
16
38
49
34
55
53
50
43
45
44
45
37
26
33
50
14
31
25
32
34
37
40
19
15
52
31
32
31
35
35
56
22
40
31
53
56
15
30
14
50
40
36
42
53
27
37
43
22
37
17
14
52
56
43
32
14
32
48
36
26
28
58
23
57
14
38
57
24
42
19
19
27
43
33
21
21
19
51
38
59
50
43
58
28
32
11
21
56
39
41
26
27
50
32
51
23
42
41
44
38
22
52
34
55
34
52
18
15
19
28
17
16
25
41
50
56
54
34
18
44
38
30
23
44
32
26
37
58
16
18
47
37
31
43
47
45
52
52
34
44
18
27
36
11
54
23
36
36
40
31
30
38
50
23
39
54
40
29
57
37
32
47
18
42
28
45
45
27
25
34
45
14
45
54
51
45
17
54
49
43
39
44
51
56
47
21
26
37
23
50
41
27
49
23
57
40
12
30
46
17
35
19
26
31
57
35
41
17
42
37
21
23
33
24
40
22
54
32
34
27
40
41
46
11
44
13
23
33
35
35
52
37
43
20
46
32
21
12
26
26
20
39
43
15
42
14
48
26
14
37
38
45
27
12
17
42
48
39
33
55
34
29
21
16
26
30
51
25
37
23
54
10
20
55
23
32
11
51
50
24
43
26
39
27
57
27
43
13
51
33
14
27
52
57
11
22
33
15
17
19
33
53
34
42
35
56
10
15
51
57
13
13
12
21
26
32
11
27
23
56
39
53
24
14
35
55
29
56
54
31
28
26
47
49
41
27
32
57
33
23
27
47
38
39
13
33
37
48
12
12
26
45
26
24
15
45
53
30
41
41
32
38
41
39
53
30
53
18
16
57
50
50
17
23
37
49
44
40
35
56
29
54
55
10
27
34
59
54
28
45
58
10
50
40
24
28
23
32
13
57
41
55
12
40
27
51
59
25
25
16
10
15
29
34
31
23
37
30
14
20
48
50
31
14
48
28
58
55
43
29
25
17
32
50
45
35
13
17
47
31
13
52
13
33
33
46
42
17
58
59
11
25
35
32
59
45
26
26
41
52
20
36
29
21
19
46
49
11
10
36
48
16
14
10
18
47
35
40
44
45
10
47
57
40
15
29
55
23
16
59
59
10
53
27
40
13
51
39
51
40
22
30
38
11
40
26
57
12
44
36
39
21
38
46
47
35
18
30
35
30
39
15
28
20
48
26
33
58
23
50
51
47
36
31
13
29
32
19
56
56
39
34
26
42
18
16
15
55
12
17
11
17
29
32
17
53
55
18
59
20
35
44
33
53
39
13
23
22
31
32
48
38
32
48
34
49
53
58
15
14
48
48
55
24
49
33
43
47
39
24
37
37
12
52
14
45
48
20
25
40
12
56
14
43
22
16
40
25
53
57
35
47
23
14
37
48
28
37
59
51
33
54
15
47
13
41
56
53
30
10
21
18
34
36
20
13
52
30
50
28
33
19
53
45
47
52
19
14
17
54
55
27
18
35
27
15
29
31
20
32
52
29
33
37
39
24
21
20
42
22
12
34
44
41
54
48
12
31
39
37
34
34
47
10
40
57
17
14
42
42
45
57
25
23
14
13
36
42
48
12
