35147 2435 
47
46
74
67
53
90
65
79
32
71
35
48
55
68
36
30
49
93
59
34
42
37
59
97
86
91
36
56
51
98
70
50
43
90
60
45
82
87
85
46
87
37
53
39
31
53
30
88
75
82
87
41
36
79
32
49
86
75
37
32
41
52
48
89
41
71
96
35
63
41
77
59
58
79
66
55
78
73
63
71
94
73
47
39
89
40
68
41
58
67
93
38
69
88
91
86
84
79
47
59
84
93
58
66
56
46
37
59
56
76
94
48
59
51
83
44
56
54
54
81
99
49
91
85
50
73
75
48
79
66
90
30
69
74
50
78
60
31
93
34
39
70
32
73
33
33
59
57
63
86
73
35
50
54
56
93
95
88
99
66
99
94
87
51
76
54
93
44
50
30
84
82
55
34
35
46
33
32
54
58
81
90
93
69
51
52
39
45
70
80
50
99
77
95
45
81
56
89
88
48
88
39
67
36
43
31
69
77
74
35
96
60
63
84
36
64
46
38
98
35
98
34
40
46
83
98
35
67
82
32
43
90
43
47
46
97
35
62
32
69
45
50
57
53
44
85
53
49
87
65
81
87
43
63
90
62
55
51
85
68
93
77
37
86
81
70
55
79
80
62
44
81
54
57
73
64
74
38
77
83
85
74
96
46
98
63
82
79
60
76
99
97
65
81
40
46
60
63
58
85
69
93
47
36
44
83
68
48
66
30
96
99
99
69
61
55
60
65
72
49
89
67
70
46
88
82
44
95
66
30
38
62
48
56
50
98
53
87
92
39
51
82
42
54
62
33
42
70
53
41
63
80
97
41
62
60
59
80
82
85
86
47
46
37
43
88
91
48
56
33
78
89
84
47
56
38
99
55
71
44
93
83
74
68
36
30
41
65
97
87
74
32
33
96
81
47
65
89
35
55
79
51
39
94
73
63
65
52
95
76
35
41
58
83
79
89
36
75
53
33
90
50
59
75
49
71
86
42
81
56
59
97
86
61
80
85
59
52
33
66
75
74
99
76
88
51
48
81
40
88
61
78
52
49
71
87
54
93
33
74
51
39
83
66
67
83
50
71
65
70
83
82
80
62
39
95
91
48
82
63
35
54
68
92
36
70
69
58
66
78
92
54
44
60
92
96
48
93
73
92
78
50
81
41
64
52
96
64
33
72
80
77
83
59
91
84
75
86
55
58
95
68
89
72
60
51
47
67
35
91
85
96
79
66
31
53
73
95
85
43
45
68
79
66
32
90
82
83
85
52
40
81
78
50
43
86
77
41
85
83
77
97
43
71
99
36
98
78
81
89
93
87
69
41
63
70
87
37
83
99
57
95
33
77
45
79
90
50
50
35
46
72
44
80
77
92
64
34
81
92
61
70
56
84
83
59
67
96
97
67
35
54
65
61
52
34
40
66
94
37
88
46
86
66
82
39
75
39
42
38
32
88
30
71
35
65
71
74
98
73
93
38
82
91
47
67
92
96
70
44
60
83
97
38
79
68
31
53
76
39
58
42
78
31
77
63
99
54
61
70
72
72
51
90
72
45
39
38
47
49
57
48
40
77
69
93
63
70
84
41
39
94
61
33
90
35
81
69
96
73
94
77
87
65
74
31
84
73
91
47
99
75
47
61
53
95
74
61
97
86
67
88
67
69
44
99
45
90
46
56
74
88
73
51
77
40
68
92
49
90
81
96
93
70
79
33
34
95
39
58
68
66
76
86
69
98
83
81
79
69
65
41
42
81
75
59
91
41
47
82
87
39
74
57
36
77
43
43
70
38
31
96
50
41
37
30
53
87
99
99
96
47
72
59
32
93
42
88
52
37
91
83
92
42
64
52
54
31
38
83
31
91
88
86
80
44
72
70
31
35
79
65
74
88
78
36
76
78
33
38
37
84
72
58
36
46
34
93
76
61
40
33
75
40
39
99
37
64
46
88
45
88
34
86
95
79
76
78
88
78
87
36
44
55
89
65
66
65
39
40
77
62
53
99
30
81
61
43
63
48
39
66
58
68
68
51
51
88
87
34
61
71
47
66
88
33
69
83
38
66
45
71
80
78
30
81
80
93
36
79
31
71
61
50
35
78
81
93
49
55
61
82
33
33
47
30
82
37
88
43
57
59
50
51
52
55
36
61
75
57
91
99
76
51
47
57
76
98
48
34
73
94
32
85
58
61
62
82
59
75
49
45
32
99
48
61
44
46
59
71
70
58
82
65
43
94
60
49
74
56
44
82
87
66
61
97
59
87
97
43
66
56
49
77
66
38
77
65
51
95
95
80
35
53
96
35
56
30
58
81
90
82
49
31
92
55
45
90
84
76
47
68
48
58
91
37
72
81
61
33
44
33
83
40
40
51
86
37
89
73
40
79
67
43
35
54
91
68
75
41
62
92
87
47
99
71
45
56
74
34
60
84
74
42
70
55
80
60
79
83
45
67
77
44
34
41
95
97
94
56
54
31
51
45
48
45
96
70
64
39
62
76
72
80
73
54
31
57
35
51
33
86
36
51
54
61
84
82
82
96
68
88
35
43
82
77
40
52
89
73
31
93
78
44
83
80
52
93
55
51
38
90
40
86
42
96
83
58
34
51
42
87
64
34
89
51
70
42
30
44
98
80
73
44
60
72
31
50
49
99
85
36
66
44
42
70
93
90
87
40
36
88
53
75
52
57
58
32
31
73
33
61
95
62
42
65
55
63
59
50
67
49
37
34
76
34
62
86
40
30
32
47
88
98
64
40
36
32
71
38
81
43
62
53
60
42
62
85
58
83
33
69
93
48
76
62
45
41
30
61
56
53
40
91
66
31
57
99
31
99
52
92
35
43
96
31
50
92
58
66
76
34
39
52
52
38
58
64
71
57
86
85
32
96
39
68
85
94
62
91
34
58
46
59
34
33
35
65
85
48
50
67
35
65
34
96
53
48
79
82
42
69
82
95
46
63
83
62
75
69
46
75
57
80
77
57
89
93
40
84
86
45
38
47
59
83
54
83
78
50
62
97
66
83
62
80
61
75
91
32
94
55
68
54
65
37
53
98
57
61
37
71
31
44
81
41
90
88
75
91
83
76
38
99
94
78
41
37
80
45
90
91
36
31
33
49
95
59
90
69
87
86
68
80
87
48
83
89
88
82
67
80
83
97
75
66
74
40
81
33
33
61
45
61
38
80
74
49
47
42
70
61
72
98
30
82
46
48
60
96
99
94
71
50
53
40
34
68
98
93
42
79
68
78
31
35
33
82
55
60
60
87
53
66
45
31
94
89
71
44
67
91
93
68
86
92
33
43
53
46
44
77
61
68
60
59
33
77
59
66
59
41
98
60
38
30
42
93
91
83
77
91
47
72
31
43
52
97
77
52
62
38
97
84
61
84
72
39
76
35
98
88
30
90
51
88
36
83
51
71
36
84
62
86
48
79
38
36
82
86
88
73
83
95
99
86
77
35
46
99
31
80
59
45
51
70
81
73
75
47
85
36
69
58
85
88
76
67
71
30
90
30
62
98
86
64
33
47
87
47
81
30
44
83
74
36
35
89
34
78
65
58
84
74
75
70
42
70
73
34
83
41
67
97
38
62
37
78
75
85
97
68
75
81
89
89
92
96
63
97
35
64
91
45
82
43
45
87
63
34
47
49
90
35
84
76
52
69
93
69
97
76
49
69
32
57
57
57
55
48
96
33
81
72
67
36
46
31
69
45
30
60
45
69
78
86
86
40
93
77
47
94
86
79
92
79
68
79
82
70
81
86
61
70
83
89
87
99
95
96
69
56
65
98
85
93
85
64
95
88
69
60
73
55
79
87
93
67
30
49
42
39
74
93
56
98
87
33
39
34
60
81
88
66
63
78
37
49
68
98
48
59
84
39
38
55
51
65
44
62
56
30
54
47
75
82
49
89
91
36
79
73
83
85
64
33
75
76
94
42
42
44
56
98
80
87
86
81
39
49
75
53
89
91
91
57
64
38
99
90
66
68
34
60
97
59
43
69
89
91
32
32
89
40
62
59
80
95
94
99
91
69
60
71
63
47
42
99
49
64
64
41
73
47
59
70
58
92
97
61
77
72
70
59
93
65
92
97
89
69
68
65
73
99
41
51
60
42
34
45
82
85
37
57
86
36
87
92
64
60
87
74
62
31
78
68
83
50
74
31
61
46
99
34
47
93
95
88
90
85
92
50
45
35
94
40
85
49
35
86
34
49
59
72
66
66
67
91
98
96
58
67
95
38
69
58
84
66
72
65
48
38
42
50
82
31
36
86
53
79
92
94
99
30
38
65
40
54
95
38
55
57
31
95
98
41
58
49
70
62
91
32
57
33
78
61
85
96
99
92
74
91
57
72
43
49
77
96
96
38
81
93
52
46
91
80
81
40
36
92
92
95
42
96
69
71
68
51
39
81
44
56
59
93
62
53
58
52
86
51
64
55
40
30
72
63
60
53
34
76
55
54
83
86
43
87
67
73
61
85
52
89
61
56
75
53
81
71
60
80
31
77
71
47
60
95
34
35
64
90
46
55
70
80
55
77
47
34
85
71
97
51
73
42
64
90
60
57
40
79
46
97
65
95
59
45
45
95
62
93
51
88
82
30
44
47
67
67
73
87
54
97
85
87
45
95
30
66
36
46
60
48
35
93
92
69
46
40
62
76
82
38
72
94
30
74
87
78
62
61
73
51
71
79
32
51
45
80
99
67
89
74
93
71
70
49
30
57
90
33
91
51
67
71
52
46
93
30
92
54
76
53
87
97
58
35
39
65
57
42
61
61
93
64
92
88
33
59
85
40
70
45
83
98
43
95
88
71
71
83
99
38
47
61
38
94
91
65
83
52
72
36
39
42
68
48
93
31
48
79
89
80
32
30
57
42
63
74
90
72
51
74
95
58
38
85
86
38
60
33
31
49
81
43
97
78
39
30
89
54
45
37
53
30
42
76
67
36
99
78
31
38
88
52
97
57
63
83
80
65
56
53
71
39
69
79
31
71
30
51
87
67
95
47
62
86
76
93
74
81
99
85
67
48
32
92
74
31
54
38
98
42
81
46
57
97
55
76
52
31
65
50
83
32
89
66
44
54
69
70
46
92
47
70
47
40
42
39
50
56
76
82
77
66
36
76
61
33
81
81
84
69
68
36
73
45
30
42
74
81
58
75
41
97
50
36
31
54
48
50
79
87
77
35
52
53
91
44
46
91
67
71
90
79
86
53
83
45
87
87
82
68
32
60
50
74
35
49
41
46
62
38
31
99
40
49
37
47
47
70
75
69
97
40
70
78
51
86
71
57
76
98
43
55
89
67
86
57
74
50
87
73
99
64
35
59
82
33
62
87
50
65
83
47
89
73
97
59
61
68
66
38
41
59
35
84
51
68
88
62
68
57
44
86
51
32
54
30
97
74
81
85
81
78
77
38
79
57
58
43
94
54
67
58
51
90
98
93
61
56
78
66
30
78
58
35
45
57
83
94
51
36
80
30
34
35
75
50
41
33
70
49
90
77
42
34
45
66
40
90
38
58
79
87
74

