9725 70
472
2108
156
1994
4519
655
1273
2887
230
3080
2228
2475
4018
2722
4207
4033
1938
2960
1008
4134
3993
452
1325
4809
3132
860
3074
2882
4395
2027
1936
1264
4783
2737
455
3519
2549
1536
992
116
1892
3531
160
1768
2600
1333
2660
1373
634
1744
1920
4213
3489
1072
278
4308
175
2888
80
3720
362
4296
697
2235
3301
1245
4013
2041
4617
2086
2156
2794
2528
3678
3644
1433
45
1244
2673
4676
4176
3103
2204
524
361
4355
2128
2576
4261
2762
1337
3647
4325
2807
344
495
2396
3847
21
1132
309
937
2502
403
2981
314
4967
1019
4171
2687
4553
4885
1590
3922
3169
2063
1422
726
1414
2079
1610
2623
3251
361
3204
3016
2761
2120
4946
4230
412
638
4918
1605
4253
4340
4145
268
4470
61
4667
2291
4642
1729
3743
1148
3898
1783
1055
2566
259
4837
4468
795
560
2791
4275
1980
3669
4890
3552
4938
3482
2635
724
863
1259
2413
1290
2567
2538
3562
2180
1063
937
1880
1649
3354
3255
585
696
4668
736
2534
2085
1234
3289
1439
4582
4876
4749
4338
2459
4350
3504
1190
2778
1205
3212
4226
1494
3796
48
3705
1682
834
107
2444
4305
1332
208
523
1907
3502
4966
4966
1408
4758
1013
4142
175
2976
931
2983
4943
2379
2389
1619
2178
2299
103
2883
2365
4066
4785
3375
4692
1737
998
429
238
1217
1084
4129
1866
2946
4333
2835
122
346
2057
3646
1470
3480
1229
386
268
3085
385
201
4616
2106
3990
4955
1962
4221
4087
2962
4780
2283
2377
124
695
1926
2118
4458
891
929
1595
4863
1881
2636
3111
1047
4529
2980
2942
2725
3253
1848
3722
4197
2792
3491
4931
3188
107
3700
1302
2939
1111
30
4279
4374
608
125
1319
2387
2932
1962
730
423
3572
4897
1283
2129
1982
3552
661
4418
4825
2796
678
3665
1755
4624
1672
4126
2026
1443
3544
3823
1813
1342
4583
2305
2580
3420
585
4241
2071
3356
3117
3217
1627
172
3326
1796
2836
3637
1396
2097
4988
3996
945
4716
756
3385
3169
4934
248
3814
3660
1384
273
1000
1803
2021
2033
4858
473
3841
2380
4972
737
3663
715
1208
3344
4520
46
3437
4822
4309
4857
3417
2798
835
1209
171
2158
31
3566
1448
4248
1522
4371
162
3635
4936
108
2177
4425
1514
1153
3867
877
5002
3861
1893
3613
3280
3617
4015
2497
4036
2505
2911
2023
2910
2809
2634
2510
336
177
2301
870
3818
3626
3279
104
4547
3322
4406
4261
1652
2842
1090
2316
2720
3805
632
3595
3581
3243
4334
1586
1270
2877
4152
4854
4555
2512
4980
2000
795
2318
1465
4514
2334
2500
1562
2551
3478
1058
2685
4398
158
1044
243
1222
717
898
754
305
3536
4407
3576
4608
284
2921
3883
4704
4978
2986
1673
3225
1600
3792
2093
2431
1647
4188
4170
1180
593
2731
3284
3692
967
1013
1030
4754
4755
4565
4441
2731
3112
4060
2232
608
2200
4067
1925
3143
2420
2609
4270
3631
942
435
1786
4926
2359
2156
1519
2650
284
3634
2251
2395
1495
45
591
2313
748
608
4469
4155
1152
3181
1901
303
1553
2169
2723
1925
1190
1318
3040
2822
2791
1935
3766
4062
2576
4996
1592
1217
1602
1704
1544
4768
358
1658
213
1180
4264
4026
997
176
1401
1497
171
2247
2300
2161
3633
12
3137
13
3207
1661
39
157
740
4186
3319
2575
2695
3112
2668
3893
3296
4183
2278
2132
916
2247
2304
635
1006
646
4391
3545
4003
3672
1981
766
4141
4147
983
3456
857
1219
3744
262
2908
1809
4600
4348
1768
1953
2266
4075
4750
3535
3964
66
157
3021
3300
2574
4617
32
4110
2472
2495
1947
853
1699
1487
4917
3207
4778
3041
154
437
4265
824
1719
1288
233
516
4984
1062
1824
4449
2068
4795
1615
4311
1527
1286
106
2469
1498
628
834
3312
2323
3447
2020
2358
1018
2436
1222
4013
3105
1298
2831
3637
3439
2976
902
318
1012
3143
1928
1841
4544
2697
3964
3863
957
1036
2684
293
4653
4933
1307
1504
1278
991
510
2849
3922
640
2755
3042
2539
371
1415
1676
931
132
2787
2935
2055
2430
18
2497
1661
3550
4594
425
3237
3685
3966
1286
2555
1683
783
4612
3600
4851
453
2716
1499
2194
1195
111
4003
870
32
1926
2806
3932
371
50
4397
4362
1126
3693
2612
2663
4579
4426
492
2035
2019
4747
4924
393
2802
4755
582
349
920
1707
4592
4094
1864
1621
3955
2669
76
2717
616
1820
3405
994
1567
4434
2162
4098
2588
2596
1604
4473
507
3037
2024
1982
1885
3847
497
2784
3818
4663
3472
4933
369
1983
787
2088
4822
356
1860
777
110
4525
420
68
2265
3735
1284
3963
1871
3041
2873
1416
1949
4317
1397
2438
1311
4266
500
1745
758
4815
4249
2432
1830
3739
1372
3165
3471
2465
2627
1004
4183
2531
3230
77
4044
4524
696
2316
4354
2456
2594
2474
4641
1819
386
3540
800
4155
945
1616
1374
3727
1629
3051
1091
3168
2874
1135
2992
4546
626
961
4271
2674
1048
3337
3705
3305
900
623
4957
2055
597
2904
2379
4110
3700
1658
1263
4542
4651
1407
2497
2994
4009
441
4668
188
4605
2082
4985
2521
2796
2746
820
752
150
3084
2141
4375
2338
3802
553
345
2509
79
68
1120
3872
3272
710
578
3895
3896
3943
3172
92
2102
4223
1232
4883
1222
1383
2362
28
2071
3490
672
2083
1754
578
4770
3942
92
2537
1623
311
4884
4514
4834
2386
2717
1133
2452
705
3423
706
758
1328
3665
2984
1770
1012
3059
4873
2256
1440
690
1348
2941
1889
4393
4594
2569
2808
468
3186
4663
902
3557
1494
5008
4716
1558
4036
3965
204
609
617
1385
3074
1631
2007
1931
4221
2576
2985
2782
911
4554
2724
2881
2553
3512
196
2517
2218
3913
4889
4527
1486
4890
3319
1770
3654
554
3034
443
1744
4760
51
3357
2062
910
2199
2131
3905
2036
1970
2215
4100
4475
1056
1923
2994
2817
849
209
2424
3434
2065
2656
105
1101
4297
440
80
2441
4797
3943
2062
2242
2948
4522
4149
3815
1853
1530
635
2537
3451
2362
916
1955
606
456
4844
1279
4757
3270
4510
4141
3872
2070
4825
1033
2627
4836
144
21
596
745
4681
814
1374
1140
129
3769
43
3526
3840
1774
2867
4983
2604
3394
2022
610
3621
1051
3650
1480
2766
4116
358
4917
636
4016
3666
634
32
3245
3391
4236
3275
1165
3351
625
1459
3899
4224
1574
4349
4030
3911
684
165
2692
3885
1058
1528
653
104
335
33
4478
4279
3203
1812
790
4768
4468
310
3554
2335
3451
618
1140
533
4456
2884
3728
4937
1040
2001
2693
310
3569
4776
4504
2267
849
772
603
2854
4407
4282
3705
3359
4496
274
231
3534
2345
4924
1703
3281
3690
3220
3508
2282
637
2825
466
251
1469
3227
64
146
2409
310
1937
1072
4504
2092
647
3286
1730
2847
2367
668
435
2107
1633
3154
1088
296
2361
1586
315
2987
3823
4256
1573
4552
4593
3712
889
4812
981
3040
3377
4365
377
106
4921
4404
4040
2781
2257
2145
957
4425
1797
3520
2974
3542
3626
4052
2245
1762
3744
1387
3499
1992
2656
277
1182
4820
2169
3745
4813
2162
3764
3426
809
4404
1666
2637
4152
2476
4830
4346
89
2928
3735
2578
621
1282
728
1640
4065
3999
4550
396
3118
4868
4677
3519
1102
2159
1641
1511
4623
4176
2327
1884
4396
1483
3898
1749
1139
3257
3058
4065
4797
3785
1732
1902
4756
4133
4408
2339
4887
4349
2159
946
4909
1446
4506
3599
3215
1881
4969
2556
2728
2947
1239
4326
2764
1282
1347
1172
3811
1513
1681
181
3652
202
4032
4256
3085
2313
823
4166
1809
1971
3506
1753
596
1448
1879
3574
3475
1098
4526
4158
2960
3736
2264
1710
2232
1471
285
4717
4047
305
3925
4015
1626
2802
2155
1103
4709
3896
4042
3976
2520
498
2239
3972
2682
4718
3213
3990
1712
2775
938
2536
3034
4690
1143
1222
4100
4097
2065
2765
3225
975
4662
1777
1438
3719
1598
896
1196
3977
4500
1101
2268
4896
743
4490
613
615
2802
356
3272
3061
934
1298
4928
1728
135
4501
4733
3367
2898
2036
4347
912
1615
336
12
989
557
3173
1660
3283
3157
1424
252
940
4762
2573
1381
737
601
2827
3233
3334
1168
1674
545
3111
2547
139
674
684
4143
541
4659
1664
1088
3196
3120
4044
1377
630
4336
186
3245
3363
2726
3455
3900
1856
264
1086
4086
2476
4577
4490
1670
120
1694
3798
1471
1321
1945
1128
3708
4231
2906
3208
3161
4216
77
3452
3279
4749
253
610
3556
4822
246
3080
1448
1493
1777
1391
1622
2730
3716
2139
2432
3456
3127
1365
1164
3578
3097
2018
412
2518
1084
832
3105
957
689
1041
3718
3330
4255
575
2972
103
974
1104
1501
2214
1061
2049
4373
819
332
3128
203
3528
449
1381
2213
1199
3823
2222
305
1248
2204
139
1710
2303
717
4216
2375
1636
2543
1927
1960
3269
1113
4200
4469
4675
3214
3791
4429
2810
960
1431
878
964
4038
3338
3892
1276
4576
193
3892
2432
2599
811
4602
2908
4630
634
524
1374
483
4756
4710
4659
461
506
1414
2756
4654
1179
341
4289
4708
265
2008
891
2841
2726
2653
2445
4788
1342
2455
4098
3060
1982
1613
416
1418
2307
4896
601
4947
2419
3168
3507
3029
4315
3647
2765
4525
3059
1682
4389
3735
1177
1536
4684
56
3057
1808
3061
3154
1722
4304
202
643
2353
983
4646
3520
4087
3193
4566
1534
649
1258
4385
1684
3560
360
2927
4575
2109
3308
4926
181
206
4015
751
3198
2135
3845
2119
2636
3788
4705
3734
4235
1498
2923
4923
2113
3120
2185
2780
4438
3353
2546
1597
3971
1324
3284
3192
4521
4121
676
2351
3568
3216
3158
330
3637
3120
3573
4423
2391
3267
2259
708
3026
3872
3137
1088
983
1463
4389
556
4547
1920
2987
931
87
2452
1499
1073
2823
1253
2482
2749
1269
495
3755
76
175
715
3178
3113
4038
2220
4994
1393
504
379
1695
1935
719
2918
923
1086
625
2220
4948
4733
193
3059
121
4879
3037
373
4393
3716
4947
352
3110
161
4160
2198
3423
1231
327
3716
595
3095
4411
3917
509
2141
343
2697
2138
700
4558
4056
473
1192
2287
2485
2511
1712
3394
2434
4728
2639
4154
1738
606
1029
2680
1269
1749
4409
2081
2342
4702
4281
1877
1102
1154
2131
403
2290
1280
3889
3073
1766
240
1769
829
422
444
1494
1463
2295
1772
227
4983
2408
768
1252
2780
3991
2484
129
207
4993
1067
4777
4157
1512
2836
2913
1323
2442
401
3552
964
377
1896
3929
3090
4457
3389
4040
1773
1790
4723
2675
1629
4624
706
3678
1023
2641
2357
4436
4826
2489
985
3000
172
788
2458
2663
103
2852
974
3772
4193
4258
15
3385
2713
1754
18
673
3198
3485
449
3318
769
3396
1267
300
3474
4026
1904
1654
1604
4310
565
2520
3268
837
2737
1625
3589
1648
4690
2733
2946
1738
262
693
2802
2757
1454
2766
2291
13
3808
3248
2595
4080
53
1737
2699
1773
936
1236
4308
2769
2741
4928
3951
2170
2459
1660
4027
1645
2762
848
1932
288
2676
394
4901
3727
4715
1587
134
1965
2462
2268
2482
4352
2630
3972
1992
2229
4363
3419
1558
4853
1537
505
2438
4733
2538
2398
1787
2720
3209
2425
4553
3880
3671
2855
2550
2133
2052
4370
2328
2561
1723
586
441
4379
3490
1396
2997
3065
1448
3769
1732
1241
798
2477
1655
4820
1817
2839
4344
2121
1772
2221
3663
4481
1062
4491
2738
2509
237
3070
196
2281
4804
4570
1960
2641
1295
737
1304
1800
3851
1263
357
2653
3572
2498
2371
2687
2320
668
376
4164
1816
593
654
544
3653
2080
2101
2705
1871
758
1792
1709
2984
3650
2061
1793
3233
4156
126
4913
3244
354
1055
4274
3743
889
2571
3276
1952
1937
4301
2219
4454
1434
3097
4014
872
4830
4082
3337
1514
1007
4757
2405
2054
2030
1888
4412
975
487
2046
2859
1694
655
2989
4021
408
1810
4093
4875
3207
356
4290
2569
1713
1673
3709
1261
2719
3740
1685
2401
4600
4261
2822
2081
1870
320
4109
4093
716
2620
4343
4584
4345
4392
3421
4532
550
2411
1333
297
3965
1411
2044
380
4601
3207
4598
3794
3366
478
2990
4740
3347
1416
3507
2182
3695
1010
2904
3002
4858
3547
3394
1922
3227
1168
3474
2160
146
2780
4321
4073
2519
3258
780
3396
4690
3358
4475
2860
1052
1520
328
4084
723
3302
261
1178
4911
4641
2712
4749
4024
1775
1573
215
3884
2286
1702
1468
1476
3590
1792
213
2283
2045
2230
2309
1787
3851
2796
1456
4567
2376
258
273
2755
1406
2459
2471
4775
1934
4612
855
595
2783
4657
3953
4893
2349
3973
2933
3372
3810
4339
4338
3206
4820
4373
4950
2610
3261
4344
2130
3355
3149
2222
1922
2976
1413
1150
3392
734
4196
4555
3233
201
1870
4273
3196
4333
750
2213
4396
1533
351
4467
2230
38
2399
3570
4941
40
1886
3843
1177
3947
2128
2391
541
3940
2196
332
3338
957
4288
1194
942
2889
4104
2387
3325
1822
558
4466
2654
4630
4881
3555
2688
618
1291
1484
707
3250
2239
3812
3632
1294
1134
2125
457
4025
2839
527
4823
39
2259
581
1515
3127
2060
4100
2816
4922
2049
1289
2471
4051
1457
3251
2031
4171
2277
3667
2481
1678
3734
3428
4904
2114
1628
50
4998
3127
1883
2669
4879
2237
4104
2847
1379
2311
4630
727
168
554
1193
1126
2204
3661
3694
997
3031
2250
2291
2741
1881
4898
2476
4492
2359
4134
3326
3067
2402
2104
788
1290
2447
1690
749
1697
3272
3941
4524
2536
1294
2817
4630
3634
1551
4557
3037
2531
2437
3953
2991
2730
861
1246
4579
2797
629
4806
636
4643
3195
4349
800
151
2831
4892
608
517
1041
636
3880
3871
845
2075
2582
449
4913
2782
463
2768
3475
1643
1362
2506
4394
2971
1300
1582
4746
885
624
3781
1338
3504
468
1453
1161
1959
4138
3298
2394
4676
693
2720
1314
1420
4231
4199
1924
4113
1516
2587
4794
1826
4475
1292
983
1200
3461
920
435
1079
2024
3286
2646
1617
2578
1159
1812
1514
446
4954
4427
536
558
4112
2982
1691
4747
4643
1077
1026
2851
3132
1142
644
2971
3023
3814
3239
3798
1237
2209
433
4772
930
429
3107
4102
1633
2960
4920
1567
4258
956
709
4127
4573
460
89
4815
374
2531
4482
700
4163
59
2833
3457
1781
405
2939
1181
3570
1870
3022
1465
521
2294
1687
590
364
519
2612
56
2380
540
2398
3183
282
1460
3970
2285
2139
4509
1082
159
2269
731
4468
2013
948
3474
1294
61
4604
1428
4161
3646
2627
1203
2438
2989
1499
4656
594
4963
936
2494
293
1717
1323
695
1142
1695
1934
3229
4955
4550
4713
3105
2435
3947
911
811
1448
1281
4611
1638
4100
561
3252
2688
3868
3487
423
2485
112
1457
3514
2679
2940
4246
4376
4016
4804
154
3131
4487
4218
2733
829
3493
3464
2898
4590
754
4503
3759
1136
4055
4791
222
4546
3678
1575
4732
44
4717
4093
1114
2020
3630
3049
166
356
1665
894
4057
1515
1533
280
1193
4041
2171
3305
2856
226
4978
2193
3830
1216
421
1111
1789
4901
2800
3820
4052
2947
1908
889
2089
4854
1271
4880
3845
212
1339
1322
2450
1077
1308
3562
1341
1710
2622
4931
4505
3962
1452
2241
1693
990
1003
4674
1309
52
1814
2058
4973
646
2959
1079
3240
4336
1264
3210
4818
941
3429
1261
255
4063
3367
3053
3519
127
4915
867
1706
1264
3468
3098
4202
4323
2525
4001
2500
975
326
1263
422
2947
200
4081
788
1546
964
4788
2498
1224
260
3836
2166
1147
4198
4837
116
3270
3794
3984
1622
3178
209
3809
274
3619
4232
4277
2643
4182
2049
1402
2964
358
1089
4431
1194
3175
4165
4579
4883
2078
4304
1601
3747
4019
1793
2288
3850
3685
982
2296
3298
3932
2455
3011
2151
380
312
1289
526
3431
2827
2042
3918
319
2880
1134
3175
2576
2724
2951
4953
4104
761
800
394
2100
2611
1787
4865
2159
1870
3545
1872
4685
587
2418
286
723
485
3414
1086
1195
4763
2251
4338
395
858
3097
3452
4452
2646
4406
4588
4572
788
3674
4247
1866
2818
730
406
4418
3463
618
2252
1607
2979
4656
1299
1978
2859
4155
3272
319
3147
3320
1128
3776
3183
3357
2541
2218
3822
1562
1650
3591
1479
920
3328
3104
317
4841
3584
3210
3384
821
318
2297
1178
3083
4244
1748
3266
2134
3463
1732
1952
4840
4744
2699
4188
2098
2752
3014
563
1039
448
1371
3830
1788
4581
4774
3307
2153
4322
2395
3469
4597
4163
2107
1028
4453
1704
1988
3177
1101
3206
3994
4818
3075
3355
134
83
24
3360
3836
3974
3977
204
855
3777
3660
1385
3544
288
3078
316
2208
3055
3694
297
3854
2241
932
3205
3011
1522
2111
44
568
4410
3948
3309
1141
2254
3619
570
4531
2116
672
2813
1963
3431
4681
1132
3603
4730
1506
3065
3755
4048
3110
1777
3447
1865
1347
3190
3107
3999
1471
1735
965
875
3101
4550
2754
511
2331
4854
3029
4737
1663
2143
2325
4025
1240
216
2610
3362
3518
1913
3928
2297
565
263
3271
269
4735
4968
1683
476
4719
2874
3666
4644
1745
1740
1131
4704
1683
975
332
4005
1344
2280
4038
4929
2675
521
1537
1567
3153
365
770
3591
2748
3939
1544
2699
4663
4689
818
1913
4694
2516
1400
3484
2119
3721
170
3763
3808
3982
1578
2818
1677
3536
4910
1805
4933
187
2570
3733
80
1574
1690
2469
2670
2023
2188
2664
761
811
440
779
4606
690
661
316
959
3468
3257
2352
4550
2461
4045
988
2415
2081
2241
2295
3436
460
140
2390
2378
4848
4750
1195
4879
3211
3317
1324
3201
3291
1628
3564
2087
3515
868
1851
473
4086
2530
2185
912
1104
1427
257
669
3978
2797
3220
932
3855
3416
2351
4875
3988
2420
2022
692
3368
4036
4427
4096
827
4537
503
2388
1704
3238
1541
4674
4856
3735
4238
430
1043
4381
1384
3477
3708
4633
2355
1875
4913
4782
568
2332
573
4711
561
1890
70
2711
112
3113
2801
1419
343
2329
2769
4493
4727
1359
1923
1101
4153
4985
1926
1640
3513
2242
1728
1540
2692
2343
3605
2756
582
2098
4481
4984
4256
3411
4116
3999
3549
2341
3939
4574
4507
2496
4310
2703
537
830
4342
4745
738
530
2249
1981
3617
389
525
4732
3277
313
1443
2804
4928
4163
73
741
377
230
738
714
1231
1530
698
3618
2392
28
714
2770
3830
3148
4132
1523
4097
865
2706
1967
2076
1173
1812
1690
4231
4314
732
1958
1880
4485
825
2665
3126
806
1468
4528
414
3587
1898
3273
2399
1172
381
1645
3727
3841
1269
202
3834
3856
2243
4497
132
2687
2221
1872
2608
4174
851
2305
3853
3253
2813
12
3340
2352
1657
4640
1854
1029
4259
343
598
3047
3397
3796
4627
3170
4259
3604
1794
3924
2015
2662
3207
3081
2750
462
2929
3771
1357
169
2926
199
1450
70
3080
1796
3762
2441
4210
897
1057
3741
3193
2473
2118
1599
4677
1491
2337
2421
2286
3385
2442
4139
4354
1601
1245
3176
1592
1425
3248
828
4419
41
2905
4488
3056
1947
4272
4061
4311
3674
2148
2560
68
3923
1838
2147
932
2971
4487
282
2217
1017
4530
1816
2863
3612
2177
4488
2649
1312
2173
2950
4201
3216
4162
1550
1294
2302
4206
1953
1495
2834
4548
3909
3424
3433
1973
2845
2068
3405
2737
3859
4354
3708
4715
493
2057
412
45
1825
1846
2575
1647
2271
126
123
862
4852
825
2668
894
2947
4053
4262
1581
1727
778
2743
1090
4124
2494
2236
3412
4775
3628
1365
1801
2744
2141
2238
3288
916
4899
858
4674
847
32
1394
66
1130
700
2247
699
1297
3884
2405
3106
361
1485
1255
3623
1070
472
3221
515
2284
4099
2273
3957
1481
1781
3429
4956
4967
2189
1740
4627
3460
1407
2852
1669
3441
3589
472
4019
2033
1648
2480
1710
3871
192
688
2153
4455
4824
2210
2874
2491
783
1685
3393
3621
2774
1742
4996
382
483
3840
3189
4527
1724
2630
79
1842
2674
1198
3785
3170
4546
2535
4381
4780
2624
268
3570
931
590
1477
4125
4505
193
3968
4113
1126
194
2911
4943
4359
4907
4997
2605
4073
1635
879
3790
3498
4631
3388
3948
1174
3432
3983
4864
2837
894
4399
3580
3121
1563
2036
223
849
766
3036
3416
4054
2777
1003
57
896
4224
2327
4948
1063
3433
3091
1072
289
3280
105
4968
3889
2139
4022
426
3665
3589
3600
3290
4350
2000
5009
3702
1161
3656
2704
2343
1315
1447
3289
1768
487
1974
3822
258
1308
877
3342
1893
258
975
4070
2315
695
3970
1547
2515
3922
1375
203
3270
349
2935
2237
2262
4048
4064
4140
3832
1891
1021
4202
4444
1486
4532
2373
3649
205
2049
604
4449
2973
4534
373
2741
3686
2179
3524
1517
4999
3777
3965
4260
1662
3758
1201
2559
2476
897
3600
2283
4641
3110
1889
4140
2591
4482
2430
2144
1702
28
3307
4322
4145
3514
3566
365
3081
426
3364
2339
1944
4572
3514
4004
1356
3725
3204
3229
2193
2035
432
624
4244
3690
524
1105
4525
607
3207
1837
340
2434
390
4323
1569
2934
345
4347
719
4012
4143
314
1860
2721
1587
4356
807
337
113
4653
426
946
3424
2072
105
4751
1530
1919
3217
2722
4263
1028
2183
2518
1910
846
1717
4128
1249
609
3395
3183
1664
2746
2965
234
2468
2274
4791
199
4080
3087
1843
1545
1098
3264
4171
2230
4313
1777
3970
4983
2154
1543
4732
601
859
1269
255
4365
2166
2886
2497
4613
1297
487
1127
4969
4095
344
2614
4752
1907
1840
4394
1147
1705
1646
3859
193
1540
2738
3351
4099
4283
1354
3076
2977
4426
4099
2595
4334
1602
526
2225
2951
4021
137
3701
3251
1816
3953
1008
1562
3783
4923
32
3302
904
4339
3530
2260
747
1325
672
712
901
4635
1603
809
887
3680
2032
867
590
757
3750
575
696
3301
1559
1307
4015
258
2377
3736
4769
4823
1093
2524
861
2226
1459
2381
4536
3936
2159
3309
4912
1485
3401
1766
3265
3779
2683
375
4984
1254
296
657
4248
1416
2451
2922
3743
3924
1202
10
4214
4321
4865
203
4433
3871
4072
4936
3926
2053
291
2052
801
2756
2361
3446
1413
1175
472
1242
842
4234
855
39
28
768
2261
4495
3365
3711
3463
3160
3308
3213
2261
1222
3163
111
18
3171
3175
2551
1026
1192
1131
1245
1061
1271
3952
3034
220
2581
4664
3373
732
1945
3765
4118
2989
2590
3423
4987
3141
2860
757
2496
988
1234
3406
3836
196
3042
2920
542
1961
1806
892
398
3351
123
689
4643
3884
71
250
2517
2520
3555
2415
3661
1822
971
1060
3641
2881
2559
2883
4100
1367
1967
2685
41
4816
592
3223
3500
1616
3105
3104
894
3940
3145
594
363
3932
2565
2459
1662
4084
4906
4402
906
3447
4714
2860
3651
4009
1921
4914
3165
4003
567
3123
2861
132
4305
4401
2159
1752
1828
4891
1029
3928
802
3734
3079
345
3236
2185
1205
1698
2786
4970
2456
4766
3560
2323
4350
176
658
4078
1087
1627
1988
731
3020
1340
1485
1777
4452
3666
193
1026
1499
4030
824
3781
3643
1495
4382
3174
259
4771
1038
4186
3579
4100
460
519
168
2420
4431
4594
630
2503
2119
3064
2647
1902
3802
4473
424
674
840
1133
1368
173
793
4403
4312
1837
3733
2011
892
658
191
4786
3649
1960
4047
277
3402
2850
3921
4538
791
1023
827
663
4103
1038
3305
2939
2253
1631
838
1027
435
205
3935
79
1600
4131
1563
1015
4917
497
4302
1693
1707
3392
4885
3260
1496
4547
506
1651
4110
4694
2818
1766
3707
3056
2333
2457
1923
3207
3559
2874
1664
4157
3853
1847
3547
290
2679
937
2242
2940
2108
2926
1316
916
4469
2919
4962
2924
3751
2317
1944
2552
78
4950
3821
676
2625
4247
4485
3350
2387
1926
4453
3804
964
4207
429
3201
3130
3359
829
491
600
2672
4008
3357
3358
2731
519
759
1776
428
793
2292
302
3894
3674
112
3302
1679
124
875
392
4111
1833
1619
1485
3029
286
3097
1292
402
4920
2307
3503
4014
3579
676
125
271
2312
268
1010
4497
4416
3786
4547
4280
605
2007
468
3902
1555
4898
4493
4044
4352
2357
3340
4331
1319
3275
160
3806
5008
4064
1633
1509
1095
18
2086
3954
2920
1131
2050
2167
5004
908
1675
2750
4835
2889
2889
3487
3534
1061
4668
4835
4804
982
3822
3212
4404
1408
3757
3797
4127
3383
4726
3882
4735
3076
490
3955
1017
3621
3149
4539
1274
4255
2492
3201
1812
4793
2205
2682
1140
4300
2766
1432
1212
2165
1834
1617
1446
1582
427
3046
1870
1224
2410
2161
226
2753
2771
4266
3201
3204
4195
903
3215
1513
4018
28
2555
4391
2018
4312
1537
2414
2494
4764
3660
1634
4742
1270
4275
765
1772
3189
37
2601
2569
1596
3021
1080
2974
381
3025
3628
82
3029
4440
1375
3991
4181
3380
2640
3589
184
4265
3494
3335
3652
1225
710
3020
1697
3046
2263
326
2833
3563
4295
2105
1127
805
2044
4792
3157
3039
3999
4897
1113
4878
2762
389
4179
494
1492
4450
101
4155
4649
3929
4355
788
943
4105
4884
2273
4261
3624
4100
111
2570
2899
4928
1707
1836
2195
1382
1985
2405
3110
1281
2380
2796
817
769
4528
3358
2467
2384
191
2514
24
3559
4054
1090
2355
1084
677
761
3480
337
2994
1368
3556
2720
1055
1965
2779
3837
2634
709
2553
1381
2372
4025
4931
3811
2561
1971
1820
3415
1308
3118
2854
4865
3495
4492
954
4666
2657
1263
1090
2089
759
4037
2743
415
2181
778
4811
358
3963
243
4928
108
750
4460
3210
3712
4875
467
3117
4088
1947
1143
1049
1855
2616
3425
3706
2070
1056
3208
577
2744
3167
745
1750
4217
1116
545
203
3565
2398
766
258
4187
727
212
2267
3269
4269
2713
3247
3658
4267
2478
651
3530
487
4692
2873
4659
4277
4343
3521
2372
2266
1064
588
1496
1313
2359
793
169
4122
2076
2692
2161
1414
1038
2982
4427
38
212
1883
2712
4897
90
605
3436
4195
816
1706
2867
4014
3113
3331
1162
1924
342
2753
2403
4107
2611
1790
1249
4335
3394
1119
2341
634
4872
4189
2482
1492
2242
4432
1608
2309
610
2760
3967
2563
794
4329
1818
1579
116
92
1487
3636
528
3506
755
4623
4353
3754
3195
3318
928
490
360
4867
1944
14
3800
3178
409
3721
4838
1827
4564
3743
2825
2080
3408
1188
4838
4375
1205
2095
1207
4650
3159
1689
1898
4034
745
450
1883
743
260
4357
4356
1766
803
3553
1197
1599
1112
139
3872
1709
2597
2308
382
1092
1743
692
643
1854
2748
4923
3901
1645
1612
2570
1052
516
4879
4870
4129
2275
2744
1283
3618
4546
3845
3380
122
1631
3805
1292
4712
3234
4776
4792
3687
4693
396
2895
3945
2489
3453
1269
421
525
3254
3868
1603
1851
4318
4247
2544
1023
457
2582
4890
4419
3293
3026
775
4989
4898
587
3067
3922
4585
278
1437
971
4424
3980
1280
2189
2381
2428
1141
4329
2060
1980
2950
3636
1195
4740
1883
168
3358
3162
3267
4229
2815
3516
939
2547
1833
3710
2608
3371
509
3309
1652
3177
2346
1302
2740
2582
1369
3313
3865
4345
4046
1345
806
537
2290
2229
1181
2073
1659
2094
3407
1901
3235
989
2008
834
1869
2626
534
3848
2653
550
1910
12
1738
2959
3197
2674
2146
4336
4059
2347
4614
64
2123
52
3708
74
3043
495
3341
501
609
4525
2634
4603
3824
4719
3318
729
4167
2497
604
4296
4300
2587
699
735
1148
4974
546
1199
4286
311
115
1003
3774
34
1218
1541
3843
410
1118
2853
1147
1560
4148
362
4842
1798
4521
4711
4280
3429
2911
712
2592
1321
4445
2626
1238
1341
3145
4945
2089
2803
2693
4618
4420
1651
4834
34
3913
456
2442
1264
303
3204
520
210
100
1781
1189
986
3111
1213
2353
760
2124
2543
4543
3198
650
3263
3658
2048
1304
2708
1994
1862
991
4875
2055
4208
4757
1213
3763
687
2674
2635
3673
3960
2886
2175
888
4354
2470
2834
2474
2287
4119
3302
2280
1473
2030
4066
1317
579
498
3781
4037
956
4313
5006
4344
1325
384
2242
1543
2626
4304
4608
1644
353
3968
4522
3578
3493
4945
3588
1327
2205
342
4024
4531
3618
4182
1814
1638
623
425
1409
3186
3191
3520
973
3508
4446
2313
4960
2389
3809
3590
2997
1325
4775
1366
484
3833
4104
4120
326
4768
4314
1625
371
2773
1814
725
3653
537
600
90
3131
3368
3758
4579
1304
3825
421
593
1443
2604
525
3810
1639
4398
1945
1226
287
3313
2809
4030
2178
1373
99
813
3342
591
2957
3927
2658
1534
723
2221
2317
241
2031
4655
3116
1187
2667
856
2834
1457
251
1140
3657
3245
3036
256
1286
853
1939
1528
4026
401
916
699
2931
4052
986
1949
2503
4810
3326
297
1103
1425
2389
4580
730
1351
1712
1356
1356
3949
2575
3858
3678
2210
2025
1242
4445
1665
54
4162
2024
1183
516
2528
2380
2455
303
2132
1757
4933
4850
3138
4385
1963
4613
907
1109
4866
1838
3298
4838
3816
2109
1839
2161
4232
1250
4549
2407
2891
509
2130
994
1156
3085
4299
363
2294
2247
3967
4950
40
2407
2297
3599
1892
4129
4087
2212
3303
4696
338
3035
4965
4432
4785
3587
4538
3473
2475
3957
3579
3777
350
4482
2318
1929
156
4688
127
762
1663
2084
4371
1793
4706
3280
728
253
3943
4195
1085
2691
4914
4094
2832
2433
441
2122
4850
4490
3605
3329
4949
1844
4478
3614
2869
582
1154
2291
3411
2432
2667
2163
3259
2657
2873
1946
2862
4444
378
2071
3650
2364
2102
745
4224
1083
1627
318
359
784
1193
3348
1206
116
4582
4807
3791
970
700
1122
3161
1604
4144
2455
938
2273
1882
375
2980
1247
1184
2058
2779
3389
1492
1047
2154
4975
3717
2302
919
2966
4212
2058
2227
524
3814
2324
3144
1729
4982
1418
490
4321
3434
1468
2217
2347
3216
3619
3988
3600
2364
492
2718
4677
3341
3616
4369
522
855
1621
415
445
1614
3316
1440
1958
1327
72
660
1407
4858
2980
4611
3511
3400
4797
4451
4345
3196
2251
3429
2716
761
3450
2715
398
1171
628
4688
1618
1198
3509
3313
3647
665
956
1833
3964
50
4970
3155
1437
808
4001
3437
1010
704
4680
3063
3349
5009
3344
461
2944
423
469
795
1005
2952
3726
1954
3348
3190
4737
806
3082
3737
50
597
1192
2651
566
923
38
434
4477
2794
328
1236
331
3745
4404
4223
3100
4673
1670
3165
3042
1761
1300
906
3691
4668
2002
2887
662
4339
3700
4227
382
3600
73
3796
4550
2237
4425
2295
2244
4763
2973
1640
3539
560
2373
3760
2933
1657
1904
4403
1864
2400
329
3788
513
4409
1604
1105
4564
1006
3930
715
276
2415
2744
1070
4732
1531
3274
3853
1303
592
1302
4808
4452
1356
1397
1944
148
3217
2984
4603
4860
4604
742
1372
3809
4824
384
257
1636
4594
3300
4494
1949
2991
1870
4885
3670
71
415
3429
2263
695
1741
2358
3176
1683
3490
3073
4587
163
3563
1490
2337
1513
2539
163
2077
4071
4436
391
2907
4229
2411
4494
3774
3382
54
2284
4176
2110
1983
4752
4822
2584
4888
4746
1567
267
1117
1311
1729
4686
2443
3132
3949
4967
2570
1874
4395
894
3361
3045
1116
2537
3857
4707
1319
1761
3744
3915
2107
1731
3253
3764
3800
4805
4184
4228
2046
4449
847
3874
4295
1138
861
4808
2432
4682
2645
3873
2239
931
2326
1346
4505
415
2885
2790
1501
3467
3653
1381
3451
1106
345
1591
4456
2399
4753
1326
3743
3562
3187
988
2598
29
616
3252
2550
1687
4836
1219
1433
3795
2638
2160
1458
809
4939
3492
465
4660
3107
2194
3899
1291
2588
436
4500
219
2956
2542
3889
3598
1809
980
53
975
1461
2858
1596
801
3078
4386
398
2131
2723
460
2046
4898
3042
338
4351
818
3182
1082
3749
177
1426
2429
1662
1434
135
4226
2320
1546
3158
3051
2503
1927
4712
387
390
2626
4272
4854
1202
3773
2122
2409
747
1149
4532
4804
4337
4433
501
2405
3172
271
3392
3012
4510
1719
4544
111
3701
1735
2985
887
404
2508
3070
4948
1296
2320
3905
746
1017
3620
2062
2250
509
1214
4990
4946
2591
2486
1453
2500
2462
2485
1058
2764
4687
4113
3180
2660
2964
1369
903
339
1482
2294
3756
3433
4509
4359
1951
4354
437
2267
2555
4609
1742
1151
1874
3120
3468
2653
2765
3989
1829
3913
56
1461
2892
2679
3677
4704
2187
4262
3833
4933
2156
3158
3930
4954
1012
1511
3554
2073
1278
1122
2221
1107
1535
1040
1981
3304
1500
1589
3751
4376
2150
1317
612
723
1352
1002
997
96
527
1739
552
4973
2234
677
652
2893
2922
4042
619
2044
3089
1366
2951
3260
2646
2397
1469
1627
2013
2359
421
1685
354
4205
298
3185
444
2189
1253
1546
1500
4387
1599
2692
1128
3237
4409
4520
4852
1335
2147
4405
1216
477
3118
3552
52
697
964
498
2723
2422
309
969
1012
2929
853
3069
547
841
3620
264
4232
2101
1537
305
1079
4425
2248
2518
3219
4211
2850
633
2276
1339
621
165
1158
490
3562
3694
1995
2503
2107
1243
1698
4094
3595
1690
2090
3589
2595
1093
3889
2243
1640
3007
1160
3795
3461
3764
548
1216
3915
1414
2126
3384
649
1167
4533
403
4151
2115
801
4731
3656
3984
184
4353
2482
1609
1698
1244
3324
3580
4674
2628
3044
4726
3293
4355
3958
4747
1802
1777
4359
1314
2567
102
4530
300
379
1615
1556
4587
1210
917
2661
3915
836
472
4725
4867
415
558
4830
1798
2206
4787
4394
3740
4683
3548
4826
4801
284
2662
1730
2204
1307
3989
4871
872
3651
1641
2513
1536
4956
2086
533
3983
4317
4841
3125
743
1706
2369
3655
70
4177
1119
4521
622
4489
4724
3631
1602
2018
1983
2148
3319
4684
1716
3413
1080
4615
1894
800
1477
619
3813
305
3483
3822
2962
4742
3938
1018
3645
1890
4795
2863
942
4843
1485
4093
1090
4105
3370
3007
592
3885
4947
1643
3338
253
722
3551
2448
695
3669
3962
2852
2180
4382
216
3257
2424
3948
1409
4056
1741
2554
1617
1609
4930
3788
3322
2369
4155
2433
1480
2560
3469
2152
1202
4900
1908
3046
3676
2341
4705
2871
3703
424
2581
91
3209
3127
3778
376
1425
4452
3337
3239
624
3618
2140
697
3747
4750
4035
118
3427
1800
3962
3058
477
185
3189
2935
669
3473
2388
2396
992
3402
4954
3542
2979
2509
683
345
4397
3558
4357
1220
2037
4754
42
4696
4679
1046
4652
1663
331
2375
15
4091
2032
1381
2034
4668
1497
4101
794
2320
529
228
3358
4507
1839
3172
2863
445
578
4204
1014
2208
2190
2610
100
3647
738
4893
4876
4043
1735
310
4104
931
3453
1147
2597
2910
1299
1598
3476
1718
2371
1347
4881
1524
4701
4304
2877
167
1440
4640
4143
1333
1394
3131
1591
228
642
3937
1098
4013
1486
1473
616
3900
2245
1502
2276
4127
2509
4978
1648
1712
2440
466
921
1005
4706
2698
3928
4028
1316
4380
3134
4478
2132
2098
2124
1445
4708
4096
1536
3655
1538
4017
4985
3931
2262
4932
3835
3743
1535
2892
4077
894
3200
4163
2381
4648
4348
2266
2180
1002
46
1550
2934
2260
1309
1685
928
235
216
2922
2060
1358
4167
1874
4276
3196
1370
2366
1473
2562
4454
2548
47
1843
4458
577
3928
2754
4476
2353
2764
4195
1972
1477
2148
3912
651
1628
1805
4457
2677
4582
2144
3289
2614
2358
3157
1627
3952
2595
2160
688
236
2360
351
1939
2907
2709
1176
2524
4935
1734
3461
910
1380
1516
3355
84
1804
4873
3590
295
215
809
4729
4476
1993
131
914
4570
1928
2211
1204
2821
4108
4147
429
879
919
1744
540
4222
1791
3484
2860
3192
1839
2641
3509
1462
1159
770
4338
3375
1044
3795
2419
1689
1322
1469
4053
246
3325
852
3402
799
1669
4545
618
1572
4646
2112
3050
635
2554
4867
4581
1024
3580
2031
754
1016
2058
524
2852
3797
1141
4143
4280
86
3375
191
4256
302
303
3650
655
3226
2934
3954
1577
3957
1529
146
3691
802
4070
2588
1168
4094
3218
1194
855
4412
3494
36
4486
389
2832
361
34
3728
1895
4319
3723
3897
474
119
4537
1145
1829
2695
977
3096
3271
2812
4774
3824
2089
1915
3758
3231
725
2493
1800
1069
3787
2292
4437
2026
4086
3800
3154
2512
581
1876
1795
2716
4424
604
1764
1163
3143
2123
3252
1422
1768
2204
389
1007
4680
542
3138
1058
1184
4516
2356
2615
1758
4352
4239
1530
1451
430
1424
3057
2366
3422
4733
3797
2893
2042
2597
1728
2354
3174
586
1924
2087
1456
4882
576
1928
2236
342
365
102
2703
4488
1517
1995
1656
1834
2868
2453
4335
423
3825
4842
3935
1025
3894
1514
486
4829
2926
4383
4735
68
2336
2740
719
3158
2833
4656
2186
915
2760
1818
2944
2793
1325
3745
2104
4049
4288
4809
4741
1710
2044
4795
780
1701
4820
2890
2979
2582
4082
371
2342
1914
3123
3860
880
1337
4078
4210
2710
799
3779
1416
4211
4748
1911
1862
4546
3495
4883
4757
771
3948
890
1219
4038
3121
2791
2081
4551
333
3124
979
3507
2912
3430
3568
3829
96
1389
4329
4154
2433
4220
3531
5005
4402
2449
3379
3336
4570
4760
1073
442
3423
482
624
3401
4488
643
4036
3666
760
1961
3653
1053
550
2323
3600
3059
1396
2271
1303
147
4985
2254
4669
2030
4553
4409
4389
1775
4707
2682
3361
3885
1434
2230
1498
4282
538
2406
4071
594
1386
3969
554
3327
76
4285
4764
2332
3587
1284
1690
591
3536
4281
567
2194
1135
2694
1809
3415
1539
2736
2983
1467
813
1295
2255
698
2547
4397
4732
4383
520
1815
2287
3776
535
4050
2868
4045
1397
3879
4511
2969
2571
2885
92
3536
2679
3383
1586
2033
4891
1810
481
2775
2264
1458
996
4087
1400
1512
2290
2653
563
4371
3799
2252
2986
3484
2091
3372
1113
4521
2979
1740
221
1822
5006
4118
1021
722
3469
2729
4235
479
237
4749
2684
3423
1748
3670
3051
899
2299
1432
3605
2130
4239
4496
1152
2570
772
1992
1302
2975
129
3662
4795
833
3962
1979
4835
3677
2889
1869
2667
3674
2837
531
965
4051
4540
864
1597
4980
619
212
1382
3767
3950
2732
1303
1757
456
2553
4828
3075
2739
3916
4239
4150
10
2434
3920
3715
2231
3392
4695
2237
4555
4725
1894
1491
2379
389
231
1717
1873
3341
814
2836
665
3864
651
3351
625
1529
1966
2413
2074
4931
3264
4822
2631
1501
2786
444
3270
2911
2338
2005
4115
353
1295
4413
1724
893
3741
2317
2237
2150
4661
4094
2754
3362
3743
3812
2095
3887
2261
4795
4284
2298
4870
4080
3462
4282
4490
894
1999
3565
3032
1900
3376
503
1197
3564
2935
3997
4077
1072
3494
341
4650
1047
3222
1036
1282
2129
551
1410
3670
3814
2165
2174
2908
1944
2724
2619
312
1953
4947
3599
3836
3523
843
3099
1167
4600
3417
1319
1843
2162
1986
5004
4766
4785
191
781
2845
3634
4426
563
4077
1753
4702
4937
654
813
4415
2518
3092
1694
3907
2431
1809
4230
2447
3356
2374
1534
2348
729
4469
607
3260
1443
466
1359
3782
2303
1877
2892
530
1016
1053
595
3656
2918
2846
4104
548
1319
3989
4981
4579
185
4811
2576
3049
94
2578
861
860
379
4486
263
385
558
2929
2892
1882
3623
3476
4838
3806
2598
168
3003
1154
2632
145
3975
3226
1800
3488
925
892
2302
2825
3301
1112
4512
4638
3676
830
1399
726
2676
2627
3590
3653
4241
2319
587
2494
4726
2383
197
531
915
1909
1524
4428
1707
2561
862
4742
616
1913
634
1101
3951
3488
2598
3098
1858
4862
374
1153
4732
1938
1969
2435
4717
1735
4990
800
428
1572
825
1286
3624
2441
4446
329
4358
2194
3432
4874
3141
3282
3172
3535
4697
356
1662
3350
758
392
255
1774
330
3011
2909
3284
4303
495
4367
253
1119
4191
4097
1669
4379
4910
1978
3926
4011
2678
4156
4883
4054
4578
2165
4920
3779
3595
2302
4675
3606
1153
3199
3100
1863
1469
2716
895
1737
4810
3239
1332
4647
3847
1610
1326
3495
2277
3898
284
3287
1213
4303
3917
2803
985
1700
2435
4706
4863
287
926
13
887
1434
493
2444
697
1734
4475
4956
131
4149
1342
2330
3063
2177
4846
2202
847
1621
1210
421
3356
2885
3980
1615
4908
2020
610
4137
3082
3615
2860
2649
582
1652
3920
200
1699
813
3105
2107
1057
3477
3404
1072
2815
3675
4890
842
862
1084
4035
4341
3723
854
3412
4968
539
4805
1654
681
3688
1331
2805
3122
1185
4414
4491
4739
4939
3504
3109
1933
1373
2133
391
2299
49
4691
2319
4280
543
2971
3799
4562
3804
2706
4195
4111
3868
620
176
2207
4147
2229
2020
2164
495
2763
3713
13
264
2512
2232
1076
4994
4697
3601
3103
4419
3863
2424
2340
1472
550
618
3932
1986
4509
2390
4510
1409
508
498
4422
4288
1773
653
3930
1525
2246
1511
4992
2466
167
400
62
4312
673
4280
1682
762
502
1408
4105
2483
621
4873
1565
379
1019
3735
288
3724
2804
4828
2451
747
3685
3075
4102
4818
3796
76
492
2881
4308
3625
4337
2846
5009
3183
1859
714
3833
2400
3323
307
2729
1204
4497
3553
2904
538
979
1859
4948
2617
1162
1444
2755
4675
4047
646
4799
520
1008
111
2867
2198
3024
296
1173
3534
2970
898
2716
55
788
256
2792
1411
3214
4815
3529
1513
2915
3738
3774
2851
2174
58
3649
4365
3352
2024
2084
3722
4823
1763
1049
3089
4659
1237
3965
745
4370
3996
3893
3776
4586
4423
120
1222
2170
2502
2843
4351
4672
2684
428
3610
4429
2923
1199
1511
4339
2916
1148
69
4697
4342
1116
1482
289
2637
3406
1944
4144
4268
1735
454
1478
4165
3401
4201
1857
3631
2134
4166
3164
1344
4437
4640
4110
4658
2321
2940
2578
1652
1238
4142
4014
1842
1787
2892
1656
2210
2705
2008
3194
122
1156
4142
4533
1976
4888
3862
758
2859
1702
1105
135
323
4836
4811
699
2964
4131
4144
4069
2985
1706
1514
1866
3816
1970
2473
3854
2374
1071
1689
4539
1639
4800
4767
3904
2118
1766
3963
2668
556
998
2302
75
2929
3543
646
2761
1255
1842
1933
4824
505
3256
675
2849
1898
4611
330
2930
434
2995
4701
3251
4987
729
1021
2592
2861
1016
1392
1028
1937
3889
4639
2566
4979
3730
710
1306
1076
1551
5004
3920
2180
1362
1534
1900
2820
666
1418
2518
4315
4045
275
381
4185
2817
4706
1696
3329
3212
3005
3923
2014
2394
3046
2678
2923
3315
1814
3008
4505
2465
4036
3598
3531
1283
3958
4671
2636
1430
4009
1185
3603
3281
3674
4653
3190
4512
2764
4287
3096
2088
1883
1167
4875
3035
2996
1272
3334
2919
4927
2658
1030
2438
3219
4311
4228
691
1908
4826
4613
241
4412
3134
2418
4419
4667
4115
1192
783
3806
1479
2836
2633
2741
4207
2656
4142
945
4128
1537
167
695
4642
1096
4973
1227
857
3930
1155
4863
2105
1585
96
978
2239
1653
4528
3782
1555
3319
4975
271
3101
920
3325
3150
787
1755
1778
378
192
989
1830
3261
4374
640
4801
3501
1161
3109
2167
3334
2727
2020
3536
4596
1676
1553
3409
559
1110
3583
4222
3042
2111
3675
2582
3219
850
2383
2373
1381
665
3156
1087
3167
624
3979
3013
612
3230
3525
3065
1788
2701
2791
2972
3164
792
2035
3712
3547
3083
3033
917
3286
3234
4285
3829
2890
3451
4638
4301
3805
1156
3812
1091
1195
334
4687
1151
1080
3130
2060
2450
1023
1269
1799
1034
4843
5004
889
2756
4329
767
2975
4640
2854
4084
4979
537
2073
432
1859
2131
2772
1191
4764
3926
1794
465
4405
3328
1436
2401
4536
4767
141
117
1755
3768
4749
4567
3897
2621
1640
3833
4264
4523
4456
309
88
1869
300
3881
2625
1468
2240
3404
1264
2399
1583
2307
231
3652
1646
1572
825
4698
551
3124
1527
1786
4754
3170
1683
1126
1400
2281
2024
4641
4972
3394
2026
30
456
3081
4436
3229
3311
4359
1333
924
4981
1432
1440
1842
755
3170
247
2693
1809
2103
4847
3877
3836
973
1430
4642
284
2606
4068
557
4398
4843
785
4976
4837
1402
1832
493
4995
1807
3791
2425
2277
4085
1103
1950
1607
507
2396
469
3424
3489
1168
1010
2759
2003
2945
538
2368
2968
555
2599
4301
3849
1882
4875
1975
751
4755
2060
4342
1867
854
353
1902
4838
1656
1136
630
3295
4503
3147
3031
374
4155
3271
2807
4592
2926
4219
51
608
4139
3613
4900
3065
4799
4241
4066
3213
4318
3499
893
827
520
1910
1471
644
3887
1058
1026
3883
4608
4617
3176
312
3929
3894
575
1871
4629
3314
3600
882
3414
1155
790
1434
273
102
3409
2724
2458
2042
3543
3971
2489
512
3475
67
1889
1161
1362
552
4262
1769
143
4182
799
25
3024
923
4609
4218
2430
2571
903
88
465
4497
4351
1652
4788
4859
1742
2809
2961
3690
3827
4308
1064
3722
3105
2745
1605
1604
621
4594
1560
3500
4908
1225
4442
84
2587
3709
18
3542
769
55
2867
1300
350
1644
2689
3082
3319
1274
2686
2252
532
607
3855
3713
3369
1069
443
3381
1842
2435
3476
2642
4037
3390
2974
4069
2869
225
597
2040
278
4478
3008
3340
512
2895
693
4211
3056
1067
4993
1008
2183
4860
4657
4346
1418
311
3239
1085
2732
1798
3485
369
4854
4009
434
447
1111
4360
4926
1230
2966
3993
4147
2748
4844
4905
1001
3107
2958
4272
2992
595
181
3001
131
3932
2044
4176
1616
2114
31
2516
3267
4047
746
4996
2255
1623
3364
4660
4008
2904
1493
4600
2926
3444
2420
4298
1111
3277
2583
427
4256
4101
4610
169
619
30
1477
2343
4040
2563
3121
3835
1093
4110
1902
2610
2711
538
1975
2442
2938
1716
262
2160
984
3505
2811
1115
4070
1895
648
4113
4483
1719
717
570
2325
465
3047
4365
1206
4698
4122
4100
2708
2523
2269
3379
2986
3694
1640
3132
2505
2981
1367
3634
3568
3651
2344
3951
4314
726
3612
2659
5009
1710
4083
3830
3507
1895
2094
920
2427
1054
4778
119
4951
1214
3967
2162
2141
163
502
3198
807
1955
911
720
4965
3660
4694
581
2926
1827
4664
1814
3519
2890
1192
3411
2987
1019
1168
1587
320
3601
3932
1634
4811
1274
4099
2126
1602
2169
2309
2508
2045
2831
1731
519
2665
4848
3963
2750
2549
4453
1350
650
1581
903
3064
3445
256
4635
2471
3464
652
159
3005
4507
4237
4245
1297
4180
3643
2899
988
4569
2606
4205
3769
4289
358
3817
1802
516
4585
2878
1679
322
2250
3644
4238
1957
4139
135
4345
3138
1163
2389
3039
3400
344
2060
301
3482
335
4275
1327
2224
4113
3856
2007
2413
3688
3367
1745
1983
4256
731
3438
4818
1687
301
4669
4534
3376
58
765
2621
3165
1813
1528
537
4320
292
3541
4213
1537
2338
4300
1832
4153
3453
4851
1016
108
2751
424
4272
4395
3284
2897
4529
27
334
1705
4347
2486
4477
4996
963
4308
4211
1605
892
1183
2150
3206
4650
5008
1985
4083
2024
1456
3862
2491
3012
1452
3726
4012
1813
2107
1543
36
4503
2298
2351
2283
3817
4620
4813
1989
3777
3763
3950
1480
902
4684
4005
3581
1553
2256
2217
960
2393
2678
4075
71
4568
159
1902
3348
3464
2539
402
4497
4789
2495
1491
3745
260
3594
4923
1883
542
2893
2770
3489
1290
1338
626
1637
3730
3180
364
4467
2786
2681
979
2517
497
2098
3154
1648
2522
533
2232
4071
4009
4078
3351
1142
1105
1314
3498
1800
3303
1361
4758
4654
2716
4958
4635
4469
2788
1666
2193
839
3129
59
75
4415
3985
207
787
1035
2384
396
4837
2914
4506
859
3391
1403
2269
4044
2913
4511
3903
3716
799
3409
1963
1664
4460
2025
2278
4714
2031
611
229
1173
683
4698
1065
4378
23
2546
495
3463
1384
4608
3229
4720
2025
2427
464
1518
4031
2811
1939
2223
438
3437
1228
4599
1604
4354
14
1324
2178
2957
11
3083
189
345
2143
2393
3331
3494
1742
939
468
1749
2804
2930
2311
1016
2563
1323
637
1802
1796
2705
1270
3534
4129
1124
80
1935
1804
3246
2842
119
4724
4342
1969
2386
2975
3471
2642
1049
870
1190
1867
4424
2785
4550
2135
2961
3834
2166
3730
4454
2619
361
2800
1246
4941
480
4774
1526
3873
4071
932
2057
4147
3283
1636
2933
1738
2607
4176
1771
4807
2049
2045
4748
2908
205
4319
3730
3288
1461
150
2176
20
4323
4566
4930
4675
1041
2570
1494
1307
2470
4951
3002
1568
2751
230
363
3932
3979
1138
4670
3215
4944
4406
396
379
1170
4201
1568
775
4184
729
881
2068
3964
4779
2535
4073
4374
219
4673
2618
3616
3290
216
2919
803
3410
864
684
4513
2180
2681
1892
4345
2630
2573
4222
2451
453
89
3342
1047
398
2310
42
1751
4404
1969
4772
4910
4155
2040
799
1820
831
4006
1863
830
2446
3014
2800
3931
2392
4665
2473
2084
467
4411
3154
2395
2932
2656
4389
3120
4307
3926
2834
3924
4372
4592
2815
2313
2306
1535
2043
4907
563
1622
2752
2423
562
3795
4941
4284
3010
1131
412
3026
2082
3506
4671
4657
3428
4450
2289
1184
2828
4644
1871
3135
2972
3665
3543
4889
2343
2731
17
4649
4958
2537
2955
3955
2066
665
3198
880
3647
4461
2847
3419
1681
2882
4251
430
158
4916
4637
2903
930
4361
4962
1162
3004
445
4302
2856
3051
1095
3095
84
4366
3895
3365
4456
1842
4029
4017
4375
3374
2504
1886
3265
1254
167
3400
985
175
668
1260
2544
381
2291
1372
1537
795
3123
3495
2556
3183
590
1125
1070
2903
1515
1057
4282
2448
2276
355
912
3614
4961
1487
119
1073
2635
1221
2232
1010
1790
1419
2114
100
1865
2739
4497
3993
1150
836
28
4187
2401
1435
357
2575
2348
691
1673
4069
194
3004
3286
3559
789
988
4365
3266
2644
4323
4708
1517
3319
3232
1328
1580
2689
3904
700
3188
2008
2218
1595
2975
801
3334
3490
4604
1738
1382
1545
4401
3506
2207
1923
2080
508
3580
1279
4166
689
1698
3373
2796
2795
845
2284
1178
2366
3483
2990
2021
3352
4260
165
988
4276
3256
2977
3662
1564
1953
1355
4242
2516
2751
2352
3855
610
4650
4274
4789
4744
4015
661
3977
4302
2264
149
3289
2107
2519
1763
2750
4613
622
142
287
4039
3273
1386
2578
1071
4455
704
4919
2334
645
1382
4479
678
3225
2266
4157
1857
4362
450
133
762
61
874
2326
3231
4124
1368
2903
4102
918
3865
108
1009
3094
1167
3206
1376
854
892
3686
3956
1270
3882
2705
2128
4075
4853
4577
668
3875
3295
2902
333
651
1512
2349
1153
1698
569
3409
4791
836
1315
3537
1161
3038
634
687
1565
4916
596
3327
2727
2421
4779
2381
1240
887
4251
3208
446
930
3509
2681
4641
4788
368
1292
3474
4169
3021
248
3667
3223
28
3566
4253
2544
3371
2220
2303
3672
1325
3792
1598
2187
4487
2148
3441
4306
2758
2768
3523
757
486
4016
3135
2117
741
242
3462
2413
704
2911
1696
4576
4046
507
2053
577
4404
2135
1446
1690
3042
1502
2040
1059
276
3822
1515
626
2559
4083
1190
1068
166
4036
517
3234
3422
4244
583
88
1286
523
3974
3501
4944
3573
4841
2181
4996
1842
3816
3226
527
3497
1016
1209
1578
4788
3482
3366
4198
3811
4114
1202
3557
516
4978
3485
1468
3801
3087
894
3929
4503
1682
1332
985
4733
1272
4152
2904
2176
2407
4843
1504
691
4537
3310
561
1668
2537
120
237
4377
4249
3541
1187
2480
4850
844
993
4489
4671
2705
2002
312
4373
2742
4310
38
1783
722
1632
5002
3478
1155
709
593
2246
2950
54
2359
4785
4542
4763
160
4685
978
4077
2005
279
2970
3826
3138
209
3202
4307
3895
3425
4217
1159
4645
629
2153
3978
3613
2557
2244
1627
4215
1994
3569
2684
877
1129
4966
4761
4627
1698
1684
2163
4232
2696
2848
3303
3322
3288
4182
4655
3754
3289
3368
1781
427
2009
2704
1264
1248
632
4815
4302
4762
3996
1971
2880
1125
4868
4216
656
3365
436
2184
2017
100
1049
1727
3072
2596
2987
2866
4239
410
2457
4910
922
4222
1919
1966
479
3823
3573
1759
1645
3380
2126
2178
2148
4987
1270
1048
3158
3560
907
1497
1444
2473
2466
27
1145
1153
3190
3289
3633
4512
359
4609
4219
1488
3559
3826
2784
3049
4414
4089
559
327
3354
1382
2380
4090
732
3289
2140
4993
2552
3708
165
4827
2186
1346
1345
2451
2078
2631
443
4041
358
1727
2575
880
3977
3424
3143
3878
2563
2529
2211
1719
3571
651
3841
712
496
904
4162
539
3190
2608
3931
2285
3248
4387
4484
2844
4362
1819
4402
643
4200
4407
3601
3739
993
3451
4082
4243
2319
2326
4067
4045
2536
4345
2415
3035
3701
4135
1169
3571
48
2653
2740
4487
1163
3650
1849
3130
4237
1282
2530
1418
3359
3153
4066
1455
2631
1006
1269
77
3897
1877
592
3795
1060
4715
1816
1439
1836
3625
2508
2167
591
3100
2409
4141
1635
3797
3339
2593
362
2214
4682
1004
496
171
1767
1139
2912
564
3538
4996
1441
3659
1461
504
3284
1174
2351
4415
4175
1124
2348
2547
790
4510
2509
2205
577
3577
1941
2011
4260
1200
4626
1116
393
4670
2405
4909
3826
3038
2485
1544
3145
2492
4433
1439
4952
2974
809
1198
257
4725
372
2748
609
2787
2138
536
4995
1751
1140
3978
2571
2145
4199
2685
2451
4021
1978
2082
1105
2717
3727
1942
3053
1750
4088
1447
4967
3332
1648
4566
3747
505
2313
2371
2387
4519
4516
3076
3757
3306
4605
203
4360
3994
1821
440
2383
760
4310
3195
1842
2322
3955
1577
678
3199
4559
3192
2959
3988
4842
1360
3829
4277
4666
2250
145
2305
1242
3474
4057
4305
4919
990
4255
361
1094
2060
2174
3733
4419
1095
2115
16
2346
3343
4011
4294
1354
689
296
4907
2702
61
1987
2260
1054
2035
1064
2014
4745
4268
437
4522
1511
1086
372
4307
3217
488
1526
4649
840
4593
4408
474
3525
671
1642
3675
409
871
606
2098
2554
4868
3787
2574
1627
4895
4834
3363
1377
461
182
4921
2741
4540
3890
4703
4603
4021
2442
4962
4097
1763
4258
203
1853
1145
2786
4459
504
55
2276
4064
791
4260
2102
313
2448
4915
3015
490
117
3523
1050
2832
4112
3708
4422
3959
1264
3375
4770
1830
3835
1979
2506
2497
4511
4016
1761
3610
824
634
3940
758
430
1332
2616
3583
4993
3024
525
3709
2330
72
4753
3485
2728
4011
1539
560
29
2378
381
1478
3792
1401
681
23
3827
3607
3681
741
653
755
1779
4679
1421
4965
3600
3568
3322
2969
1274
4867
1399
2334
1541
953
4130
2481
1712
2071
3914
3009
1423
4007
2388
2601
145
1609
1367
3871
782
1486
4633
2809
4937
4658
1625
2455
822
3514
2879
1084
3982
274
10
4418
1143
2721
2059
3561
4015
62
761
2206
1170
2503
3434
2526
2184
1010
1986
3918
1213
2317
376
2102
4854
704
4300
1204
2901
810
4120
1485
204
2031
418
4353
1250
2440
1455
4904
2349
957
2569
526
818
4197
4833
2287
3647
494
2136
3851
591
1341
3818
546
2014
699
1008
1667
4810
185
1450
554
101
2537
4340
1669
2159
983
3965
2716
1013
973
4265
3983
1973
1667
4005
2582
4074
3643
3056
3559
2874
2390
2069
528
4371
1416
4013
3317
1271
1432
3222
2460
590
61
1640
4280
175
96
2569
1429
3954
2264
3421
2920
3032
2830
235
3806
3190
355
2758
4657
2051
816
1473
3349
4671
3724
4498
3668
845
1965
217
2748
4067
1498
4310
642
3721
3116
4303
1598
5007
3108
1210
2123
4277
1944
1651
2152
3895
2010
3995
3459
1324
