210
987
101 981
679 1159
705 797
826 1367
162 654
392 1181
367 1277
662 906
117 1086
298 815
938 1064
231 1374
492 757
601 1380
603 909
830 962
265 1120
383 807
134 1226
75 1307
504 695
940 1199
656 1265
931 1053
376 1144
898 1200
852 863
346 744
7 1007
425 761
928 1009
507 620
80 1216
821 1124
202 1361
628 1059
421 837
301 1090
327 1352
279 1243
533 1188
648 1341
542 1392
501 1389
557 1050
578 815
920 971
587 1279
652 1233
102 874
528 1244
862 1120
738 1384
290 709
153 1354
112 1365
565 1022
126 768
781 831
36 983
512 1373
523 1220
869 926
947 1255
998 1338
125 849
336 1028
537 1284
368 856
863 967
558 783
252 1236
234 1015
317 1262
18 657
560 1051
404 1100
185 782
212 1017
176 1331
707 985
50 1224
608 763
664 727
253 734
563 823
178 886
875 903
260 856
244 656
925 1008
694 747
152 1184
543 860
823 1205
351 995
903 1017
316 1259
15 1234
810 973
725 1386
660 1128
318 856
879 942
396 989
171 1122
145 678
456 822
289 1149
161 775
66 653
90 1179
359 769
441 886
541 1255
88 1072
688 743
246 862
320 1118
207 1339
596 1056
371 1272
601 789
46 690
245 1026
599 1080
592 1325
636 986
204 724
653 902
268 669
344 845
266 1097
227 1082
521 1210
143 1072
362 1103
646 1232
451 1373
678 1154
390 1101
649 972
535 863
140 1226
264 885
712 847
939 1156
921 1373
945 985
929 1285
184 684
193 1057
795 1366
103 1358
984 1212
759 785
520 691
614 1340
816 889
312 758
475 1250
539 630
905 1047
623 907
630 1366
293 1147
378 1033
808 1351
294 649
51 802
73 659
6 942
131 626
236 1135
574 1175
983 1140
686 1032
76 1014
323 726
386 1366
65 755
118 1374
864 1127
778 1344
699 1198
763 1324
180 1375
369 889
225 878
259 1233
315 1296
640 1138
381 1140
553 1362
847 1187
382 958
793 914
499 745
438 1192
813 815
901 1246
555 726
990 1200
141 822
270 1384
364 1279
271 1220
17 814
43 1027
579 1047
719 1155
736 1337
277 1366
478 1329
972 1255
842 1057
874 910
666 1373
739 1325
567 836
31 1161
556 635
829 832
828 1386
677 1022
709 717
375 1014
517 678
658 797
471 845
163 1291
720 910
876 979
484 1129
827 877
211 617
612 925
127 1033
114 1370
639 1344
208 1176
407 1217
569 1114
606 1224
508 1208
702 784
309 1140
198 1217
554 1219
287 1297
662 1264
631 1132
735 897
196 959
764 975
704 771
552 818
963 1236
534 1250
600 1192
459 607
426 1122
422 1100
583 1014
509 735
205 925
570 1216
48 953
200 755
641 903
629 1394
136 1358
605 753
221 622
960 1220
9 1290
385 991
247 1202
424 813
522 930
343 630
195 1033
189 1007
71 678
657 911
352 1283
447 978
269 1224
845 1143
214 670
174 1395
961 1277
756 1400
494 1178
650 1130
514 847
345 754
147 1273
663 1069
338 1204
206 1374
286 1065
373 1183
337 1147
109 848
971 1224
849 1192
439 1187
479 1080
571 726
408 848
757 1231
150 1033
519 847
626 1061
388 1339
435 622
104 1337
794 1348
804 883
987 1144
142 1179
77 1101
923 1173
139 1179
255 746
754 1204
831 1287
623 872
803 1376
667 753
802 954
748 1332
461 794
859 1228
444 678
210 713
727 832
228 802
718 915
275 847
466 882
791 1281
358 1172
767 930
389 1005
442 1042
339 611
797 975
584 1005
148 1353
830 1351
156 736
822 1182
303 1205
954 966
232 1246
19 884
858 1363
836 1061
437 875
653 708
29 636
482 1198
311 1017
885 1080
792 816
357 779
996 1167
276 1181
414 1323
837 964
793 910
933 990
992 1336
949 980
449 1337
137 991
308 1394
144 700
975 1188
401 962
701 1133
365 869
671 1253
230 1173
632 653
698 785
409 1373
883 1161
322 785
696 1113
913 973
248 1214
515 1148
297 1336
815 1276
500 1011
550 1393
995 1272
564 1147
151 1208
941 1011
91 639
41 1113
586 696
884 1384
936 1129
233 653
784 951
675 769
420 1374
417 972
860 1255
724 1175
651 903
689 950
790 1080
296 1159
483 1004
776 1236
96 1047
524 649
306 1073
272 1279
123 869
590 794
544 642
788 1096
686 932
912 950
824 950
561 643
187 1053
129 1017
629 750
159 948
454 950
257 958
469 1059
624 731
670 695
462 941
5 949
329 1149
446 621
693 779
617 949
745 871
239 1255
968 1158
999 1263
223 1366
177 827
191 729
37 1017
875 888
782 1262
490 1098
770 1283
868 876
751 1245
959 968
319 1132
330 749
944 997
135 1080
881 968
580 1021
659 1364
360 761
481 782
350 1351
158 1307
575 724
887 1316
283 684
406 1337
121 693
671 811
540 882
613 696
729 955
495 1340
566 633
644 983
798 1053
922 1345
849 989
99 767
405 1328
353 634
149 1048
938 952
700 769
53 843
805 844
445 1104
182 1155
886 1246
620 963
615 1340
545 606
436 695
179 1097
786 1369
752 768
744 1344
82 981
194 693
610 1181
867 1100
943 1021
334 1017
848 1297
568 841
477 1259
588 1375
52 1384
582 1277
880 1328
731 799
167 1370
173 1317
893 1155
633 1361
787 871
397 607
958 1079
714 831
836 879
994 1127
14 894
62 758
81 1012
168 1033
761 784
669 853
655 921
488 737
625 630
93 768
527 1214
199 731
681 834
644 755
812 1145
95 1017
94 1264
324 670
83 1299
448 900
953 964
775 997
138 795
434 934
647 1063
907 1083
796 1354
559 1262
572 639
732 785
904 1243
752 991
473 1026
44 837
465 1176
902 1067
814 1361
240 1080
160 1362
610 896
305 874
432 845
288 1221
164 1279
28 782
609 1042
68 1127
503 989
774 1394
981 1344
783 1265
229 918
355 1130
258 724
428 739
455 1337
38 1128
45 602
819 859
593 1104
412 1366
348 1043
292 1120
493 718
256 1305
300 815
299 1112
772 840
274 817
801 1147
12 716
529 1158
354 1299
722 731
683 1317
957 1373
695 974
243 1069
22 1176
577 823
833 1098
370 1127
633 993
395 1081
213 1241
450 602
120 1081
634 1012
430 669
585 1366
78 938
470 1000
825 1104
418 605
721 753
235 677
399 1267
108 1262
372 1363
678 871
249 1271
413 676
452 1180
818 916
10 651
780 784
56 1221
855 878
518 804
263 984
175 894
79 1112
760 1042
530 1226
476 1071
391 720
100 1224
496 1397
635 642
703 1258
742 1250
681 848
713 1015
817 1204
40 1155
844 1176
197 665
347 601
47 1339
11 1000
873 900
468 657
689 1244
870 1129
513 1174
122 949
807 1042
637 976
502 869
594 1090
951 1299
621 1125
682 841
526 982
20 779
691 1043
549 925
547 671
611 1158
489 726
61 1265
172 793
98 695
669 1147
516 682
72 761
21 669
262 903
927 1340
278 640
878 897
54 1317
146 1183
896 935
602 885
680 1179
576 1344
701 866
701 882
220 681
92 1012
851 978
696 918
59 653
645 786
581 994
400 782
105 1025
222 1114
326 990
973 1351
917 1061
33 1388
215 1018
393 1344
411 667
111 1098
695 979
130 781
429 1284
511 883
970 1316
85 1306
729 1161
825 934
716 877
711 803
734 1204
687 1298
498 793
416 841
890 1097
532 839
676 886
380 659
978 1064
506 671
605 1271
124 1103
267 1319
915 1199
673 748
410 1159
460 768
321 1246
363 926
261 1220
695 1008
899 1021
982 1354
63 1180
911 1274
749 1373
800 1299
356 1237
398 860
601 766
772 1192
89 973
49 930
616 777
997 1047
328 1262
603 1070
598 1390
419 1279
433 977
916 1362
946 1100
201 1031
619 1100
415 1194
690 1192
510 1369
349 1308
157 1361
183 1380
24 620
688 727
474 849
665 1053
618 1100
8 980
133 1382
116 960
988 1179
491 1043
706 1238
35 774
190 1291
335 1118
684 1127
740 1201
720 1286
387 638
816 1117
969 1147
67 1366
865 1341
480 916
291 1098
694 1249
128 1200
546 764
84 694
310 1331
697 1124
638 1161
806 1299
710 727
423 668
861 1172
254 682
908 997
835 1082
883 930
551 1218
13 1192
341 981
87 1056
453 688
841 989
937 1081
284 638
181 1225
250 943
192 803
325 1142
361 768
597 1062
487 620
669 737
280 1345
716 1258
366 885
379 1183
643 1271
637 1258
897 1254
110 643
854 1148
39 1335
602 967
924 1318
238 925
16 1397
765 1389
394 1149
689 820
307 1379
463 1279
857 954
728 1101
154 1124
741 804
186 1158
497 1343
402 1159
170 1345
538 1265
688 962
97 1080
218 817
607 1367
26 844
242 685
42 1140
285 1119
119 1284
986 1143
374 629
427 1174
771 1361
595 731
548 1265
525 1124
723 782
219 1144
895 1035
591 671
217 1212
485 1243
773 950
384 699
60 992
340 908
892 1363
661 732
573 817
758 1400
27 767
715 1317
724 762
839 1281
304 1174
726 1369
273 680
74 1384
314 1047
34 654
486 689
251 652
882 948
467 885
926 1339
226 1368
302 1068
332 1358
295 1260
106 990
589 681
919 1324
403 1156
166 817
25 1342
675 911
531 784
331 1192
107 939
69 1264
224 1284
188 1374
57 997
132 1135
850 1184
692 1174
241 1350
70 981
838 1128
771 949
900 1366
458 1125
780 802
862 965
747 856
672 691
282 794
155 1130
86 1310
101 892
746 781
956 1056
216 1266
733 955
797 809
693 1368
656 685
622 1000
113 1234
562 1299
333 1354
843 1128
730 1049
654 814
674 1248
624 1328
313 962
203 992
604 1259
443 927
472 1130
846 1366
627 927
642 802
766 985
237 1217
169 964
634 891
732 1180
709 1145
505 1374
23 1394
32 1351
457 668
64 604
768 930
30 620
464 749
894 1360
58 1308
209 891
431 1281
55 639
165 651
777 1005
