300 100
1 72 100 56
1 62 86 78 75
1 70 82 57 67
0 82 94 62
1 56 90 62 85
0 72 78 64 95
1 82 74 85 70
1 55 80 83
0 60 90 81 88
1 76 74 67
1 56 76 87 88
1 64 80 70
1 80 72 64
0 85 74 61 75
0 67 78 78
0 57 86 57
0 57 90 68
1 59 90 67
1 71 92 74
1 96 90 67
0 61 82 59
1 60 66 74
0 56 52 97 80
0 55 94 78 93
0 67 96 85
0 66 84 80
1 82 74 72
1 71 80 85
1 60 66 88
1 70 72 90
1 71 92 76 70
0 89 80 60
0 87 70 64
0 71 88 97
0 55 98 64
0 54 74 68
1 64 74 89
1 69 86 68
1 89 84 78 51
1 87 90 55
1 72 96 61 75
1 73 80 68
1 85 82 97 88
0 71 92 66 70
0 60 80 95
0 76 78 67
0 54 70 78
1 62 66 90
1 54 80 80
0 69 66 72 75
1 60 78 68
0 54 84 66
1 87 90 68 93
0 64 96 80
1 80 66 60 88
0 73 88 85
1 53 74 70 80
1 54 72 54
0 67 100 89 54
0 78 90 78
1 87 96 85 90
0 55 68 97 78
1 70 94 83
0 62 100 61
1 59 94 75
1 80 90 74
1 62 98 95 62
0 65 94 93 72
0 59 100 59
0 80 88 58
1 62 98 61
0 56 58 62
0 78 78 56
1 72 68 74
1 56 74 88
1 80 84 51 78
1 80 82 64 64
0 69 94 85
0 67 76 58 95
1 78 82 60
0 57 84 98
1 72 74 80
0 72 72 58
0 94 82 75
1 71 94 83
1 71 82 97 80
0 59 88 56
1 61 84 60 67
0 73 84 75
1 71 98 54
1 62 88 80 98
1 66 80 95
1 73 84 83 85
0 96 72 83
1 66 88 60 70
1 70 74 58 62
1 67 78 56 88
0 76 82 93
0 73 86 78
0 78 98 66 80
0 91 58 95
0 66 72 67
1 69 80 51
0 82 92 64 95
0 57 94 81 93
0 89 76 56 93
1 98 72 75
0 51 84 68 98
1 60 98 56
0 57 82 56
1 73 86 59 72
0 73 82 95
1 62 84 66 72
1 71 98 72
1 54 76 70
1 78 82 62
0 80 64 99 88
1 76 74 78
1 57 84 61
0 91 74 68
0 65 78 97
0 60 80 95
0 61 84 72
0 62 86 61 72
1 67 76 90
0 61 76 64
0 72 96 59
0 82 96 68
1 78 96 54
1 66 96 74
1 66 90 67
1 94 94 80
0 62 100 72
0 61 76 68
1 70 78 72 83
1 60 94 62
1 67 76 67
1 85 86 85
0 91 74 66 70
1 85 76 83
1 78 94 91
0 59 82 85 93
1 73 70 83
1 76 90 74
0 70 88 55
0 71 80 64 83
0 62 72 85
0 94 74 66 70
1 54 88 78
1 64 82 83
1 60 86 91 80
1 59 64 83
1 72 72 85 83
0 76 68 57
1 69 84 90
0 82 80 61 80
0 62 92 72
1 64 72 56 85
1 61 80 78
0 67 82 70
0 70 64 67
1 94 76 72
0 91 84 62 72
0 76 96 61
0 80 86 85
1 87 92 58 98
0 70 94 56
1 64 82 85
1 73 92 100
0 59 80 81
0 62 84 62
0 96 90 76
1 60 100 72
1 67 74 87 93
1 72 90 81
1 98 96 80
1 66 52 64
0 55 92 60
0 82 74 72 93
0 73 76 87 93
0 72 74 80 93
0 82 78 80
0 89 88 72
0 89 100 59
1 66 66 93
1 66 84 85 88
0 85 84 80 75
0 64 78 57
1 87 84 60 67
1 65 94 85
0 62 74 85 72
1 89 96 61 62
1 70 90 62
1 70 70 80
0 73 66 62
0 73 94 85
0 71 74 58
0 54 96 60 83
0 76 74 64 88
1 82 90 100
0 66 98 83 59
0 62 80 57
0 65 78 54
0 72 76 95 70
1 62 70 74 72
1 71 90 68
1 51 88 66 83
1 59 86 72
1 65 88 80
0 85 82 59
1 54 80 78
1 70 100 83
0 87 98 53
0 89 78 89
1 55 94 57
0 64 86 76 78
1 65 86 80 59
1 72 80 70
0 80 98 80
0 91 64 51 54
0 94 84 58
1 59 68 62 72
0 62 70 93
1 87 94 83
0 89 76 81
0 55 94 70 88
1 82 74 78 67
0 76 100 80 90
0 65 80 57 85
1 85 78 67
0 61 76 64 75
0 70 72 78
0 82 70 51 90
0 60 82 100 62
1 56 78 74 98
1 72 78 54
0 61 84 93
1 78 94 90
0 70 76 80
0 71 84 58 70
0 71 86 64 51
1 57 78 83
1 56 82 91 72
0 78 90 66
1 53 82 57
1 82 82 60 80
0 66 80 64
1 65 82 100
1 61 94 75
1 55 96 67
1 65 88 76 62
1 78 86 83
0 94 92 93 90
0 60 80 93
1 69 84 91
1 60 76 54
0 85 78 89 75
0 62 88 89
0 61 86 70
1 80 92 59
0 71 58 85 78
1 76 78 78
0 55 92 72
1 72 96 78
0 71 82 72
1 67 66 64 59
0 78 72 95
1 94 64 60 93
0 76 80 85 78
1 78 64 56
1 62 78 55 93
1 67 78 83 72
0 94 94 95
0 59 96 56
1 66 98 72 54
0 67 78 75
1 55 92 56 88
0 57 74 83
0 89 84 89
0 78 78 88
1 62 86 80
0 61 78 81 70
0 62 82 54 78
0 89 92 90
1 53 92 64
1 66 94 83
0 82 98 76
1 71 94 60 70
0 87 90 76 62
1 60 100 56
0 73 90 93
1 56 88 78
0 73 98 58 78
0 60 94 95 70
0 94 84 72
0 66 74 67
1 70 72 76 98
1 96 90 66
1 57 96 83
0 78 100 87
