10000 4000
2755	7308
1566	2760
4504	7355
2815	7987
1356	9672
4151	9580
5712	9812
8982	8993
2448	8065
2306	6346
933	5684
6860	9942
8980	9356
8118	8671
2824	3044
2486	5559
1230	2590
5742	8684
1827	6997
3050	9663
3252	7254
9740	9808
8531	9733
6226	8385
2394	4307
8180	9701
1962	2677
9253	9322
1128	3174
9458	9590
7927	9766
8268	9555
1754	5626
8800	9044
3754	8184
6617	7016
8567	9389
3242	3508
9308	9656
4686	9823
633	9856
7592	9923
1830	7402
7265	7774
5407	6452
191	2233
965	1666
1998	2081
1261	7053
1652	3630
5627	8441
4219	5864
7983	9002
4789	7578
5816	7374
1649	7112
8760	9035
9448	9668
5417	9900
898	6310
9834	9920
7090	7375
3965	8408
3153	9438
3620	4953
7578	8555
2825	5612
3337	8908
5184	7548
7567	9613
2952	9578
1856	9159
510	9572
8088	8419
1015	7855
8113	9963
823	7324
8759	9518
1117	2515
3390	5057
2975	6841
5426	5576
8449	9916
6311	7242
8912	9226
2131	8970
5535	5916
9348	9489
7310	8370
386	3666
5623	8348
276	6058
5922	9855
7005	7610
3220	7757
9242	9973
2308	5467
1116	2918
5055	8480
3534	6277
8398	9840
9243	9788
6395	9761
576	1134
9009	9883
8918	9856
3562	8500
1233	3830
8791	9816
2238	4386
3278	5801
4436	6933
6961	7038
2191	7914
1824	2988
4139	6142
4556	6616
3529	5964
8939	9081
517	9713
283	6183
2074	8542
1458	3896
2566	8963
3839	9236
4893	7064
7045	7816
8664	8972
5998	8775
3904	9444
4893	5297
5078	6738
7316	7905
180	406
4204	9442
4108	7152
3562	4036
509	6817
6943	7821
3825	6975
4572	7826
701	8597
2992	4731
5953	9656
1554	5514
2940	3058
2792	6702
7448	8534
8531	9735
1762	2014
1456	6832
5332	7973
4788	9734
9216	9818
8532	9962
4447	7257
5610	8527
3962	7318
6973	8753
8667	9775
8472	8616
3439	6482
8887	9340
9488	9673
5169	8740
7133	9839
7124	9593
8335	9850
3015	8321
2546	4845
8150	8219
2095	7883
38	5968
5943	6307
3309	3978
5680	7558
3460	5518
7179	9169
1354	5214
4859	7153
3609	4479
7880	8655
2982	4479
6873	9255
4300	6038
5276	9254
6647	7155
8496	8728
6675	7458
779	3879
5280	6106
9978	9978
5227	6847
730	4675
1783	2240
1226	4521
743	7038
2780	4790
4415	6244
8633	9853
9668	9923
36	4868
8795	9252
3345	6252
2328	3623
9027	9249
6637	7046
4060	8341
8055	8998
1161	7025
5453	9931
7945	9246
6006	7162
6851	6986
1942	6632
902	6920
3058	3887
7655	8309
8623	8651
4184	8296
2933	7258
7987	8086
721	3777
3194	5164
6610	9446
4958	9896
4345	6024
6868	9350
9781	9803
3752	9356
4662	9161
3259	8733
2339	5457
7825	8010
7300	8710
5134	9777
2443	8644
4340	9253
6883	9198
2747	4615
8074	9660
3385	4172
7872	9788
1682	8684
9546	9662
7931	8791
6995	9180
3412	3688
7609	8428
1282	6037
7039	8964
5791	9093
798	7239
1662	5111
3055	6848
2354	6767
5956	6259
515	7407
8134	8397
9724	9768
599	9338
3358	5720
6836	8735
604	8450
9974	9980
4127	6183
2755	6424
6804	9600
7847	9118
3246	7569
4549	7542
8914	9126
4836	8900
4944	6254
1707	3521
9506	9657
6108	7758
4801	9843
1381	7286
8430	8565
6935	7871
4657	6522
2822	9251
8908	9637
1369	4441
5008	6010
9815	9900
7447	9803
2640	6342
5851	5858
5725	8045
2271	8051
68	1329
7894	9089
8336	9284
2404	2985
6677	8863
6989	9745
4373	7004
7208	8173
1672	4388
5554	6296
6383	8913
4026	6549
4926	8422
2483	9965
299	6084
5291	5777
8734	9567
577	3235
8996	9874
6442	8515
6124	8962
6779	9350
303	1524
5259	6819
8907	9845
5526	8558
8012	9376
6563	7788
4594	7906
4887	6427
284	8650
1620	2430
437	2243
5871	7926
7093	9420
3475	4652
4561	7995
5356	7112
2981	9626
4283	8522
2450	7365
6394	7770
5359	6759
323	8019
7100	9947
5915	9028
63	3011
7241	8939
2688	6187
7986	8254
6220	8255
5434	8177
9329	9510
7765	8454
1712	2098
9635	9745
8079	8213
9363	9509
1897	7909
7579	8083
981	3957
9575	9587
4988	5828
2169	6560
4803	9909
9601	9879
7048	9164
3141	5588
7776	8185
7183	9333
7538	7629
8659	9379
1553	3202
4619	5609
699	2493
6402	6759
9226	9722
7427	9300
2560	2791
9501	9727
5109	8662
8639	9356
831	5891
2191	9590
9419	9848
7572	8313
5578	7338
3677	9508
2208	8891
7306	7593
2436	9318
3017	5108
3582	5515
9937	9965
7908	9864
800	3017
9477	9702
3060	8966
4464	8874
422	7770
6175	9368
3954	9171
5478	6618
2394	8765
7777	9675
7643	9302
2250	9777
9643	9820
1962	7924
8322	9388
206	5987
2429	8431
9885	9952
1785	9652
61	1728
5034	6571
526	5979
9066	9930
7867	8410
934	8703
5714	8516
7943	7957
8453	9323
972	5629
3159	4039
5530	9316
197	2977
8878	9002
1218	8333
2450	7507
2387	3371
3186	4756
8223	9280
2433	3998
6373	8645
9317	9960
9228	9564
6070	7268
402	512
7019	8204
5831	6970
3321	7195
8569	9106
5753	8172
4881	8336
7955	8107
9271	9607
9811	9908
7518	7715
8402	8497
6971	7652
9485	9921
2763	3134
9684	9970
47	5231
4637	6312
9790	9850
7693	9334
9315	9518
1746	9099
3364	7896
580	6616
9507	9550
4724	7654
2871	4870
8410	9475
7899	9890
5315	5649
2315	8309
6891	9026
1544	5481
5706	9246
5727	9305
2264	3855
6295	6698
6403	7279
1056	7436
3573	5775
9921	9969
9193	9404
8647	9159
4791	7311
5203	5479
110	1248
5275	6530
9169	9451
8311	9226
8914	8951
4362	5672
4620	9093
9727	9944
3072	7883
7559	8809
3819	9492
4393	6333
6372	6428
3001	3254
6023	6331
8972	9225
3624	5525
1049	4851
5610	9551
8407	9811
8105	9542
5182	8895
703	7646
106	1385
5055	6004
6044	8399
1898	7388
7766	8098
5623	5629
6727	7797
19	5169
5770	5889
2409	9966
3545	7044
6488	9172
8955	9118
6620	8643
2950	4269
3048	9937
9062	9631
231	608
7595	8670
5686	5829
2629	4779
8236	8555
6119	9466
4840	5343
4574	9822
4580	6079
2834	3610
5699	7524
165	4707
5772	5993
3446	6124
2551	7911
8627	9905
479	6770
2351	7729
6591	9467
7691	8465
955	7423
9632	9793
9373	9653
8964	9077
793	5399
7346	9152
2498	7929
5117	7665
6784	7205
6555	7012
4676	5142
4008	6837
518	2606
3488	4299
6885	8336
9430	9515
2639	8725
9658	9773
8242	8940
3498	6539
7979	9728
7643	9591
1019	8669
2254	7792
120	9398
3815	9148
8030	8417
2845	7418
3408	4751
6737	9933
8234	9806
1012	4930
5352	5795
4194	5470
2692	6290
8644	9447
562	3715
6019	6752
2694	9388
3718	9158
2986	6313
7731	8676
8421	9942
3320	7684
1813	4320
138	5032
424	5920
9442	9889
5323	9049
8516	8958
2998	8644
827	6592
4298	8588
57	1437
7796	9518
8432	9293
9371	9395
8689	9278
9079	9550
4019	5156
6621	8330
4618	9443
5519	9518
6990	7770
2701	2851
580	5896
4913	8964
7888	8860
2524	3054
4659	4834
9914	9931
3100	9824
9364	9958
4875	8531
7780	9741
4164	4978
7737	9549
6665	7976
7780	9102
2672	8477
2038	2617
1102	4612
8937	9110
1085	9105
979	8298
1675	9427
3423	6692
9060	9361
1937	9497
3780	6868
7668	8685
8674	9760
1267	9810
3492	8448
8764	9880
1590	6841
2190	2896
5069	6569
9661	9770
9826	9936
1461	2038
4303	5402
2154	9054
5558	9863
7794	9227
9864	9956
2961	4986
7369	9130
8836	9115
7897	9591
6702	8452
507	5366
8486	9302
4448	4764
7484	8904
7683	7977
2909	8100
8015	8128
7777	9038
8227	9005
9163	9289
2391	3744
8547	8934
5031	5605
9577	9658
8868	9397
4818	9691
7837	8347
8520	8668
5095	5376
7112	9228
732	4406
1304	3713
66	8192
4806	4933
8926	9001
7128	9315
8460	9619
5142	9549
5694	5811
3476	9238
7126	8897
7549	9426
7796	9316
3757	9912
5362	8972
3838	4858
2969	8636
6919	9146
4863	5763
8336	8531
3837	5134
5544	7169
8230	9257
1510	8730
4948	6247
2920	7543
5834	9924
8486	9898
6118	8735
1582	1956
1791	7738
9547	9947
1918	2844
9754	9898
8480	9763
2681	8740
5180	6174
5183	8254
4685	6990
1812	6039
3088	5402
669	4237
7494	9937
2576	3258
7599	8033
9505	9685
581	7841
9025	9601
6381	9053
20	3748
8853	9021
8264	9527
460	6823
2765	9403
8057	9047
2302	6860
9751	9825
7587	9403
7702	8537
4574	9092
2353	4902
2029	2759
6202	7726
1033	5127
5985	8767
1224	4140
6177	9144
4496	4928
4136	8718
1748	8604
5530	6444
4082	4323
190	1818
4149	8479
2126	3286
6314	9364
3258	7472
8505	9492
1252	6671
4412	9780
3123	6937
3304	6432
1763	8621
5179	5389
5295	8404
6299	7752
2681	6333
8875	9304
6465	8154
3737	6872
7820	8357
2221	6992
7513	7815
7071	8261
6275	9120
2070	7517
8576	8834
9586	9704
4161	8003
2022	9421
2556	4537
6937	7619
3619	8102
7625	9487
8858	9418
6079	6330
5366	5795
7388	9288
6627	9188
5537	6555
6486	7958
585	3255
7508	9959
6997	8963
837	8279
8639	9171
8117	8842
2050	7184
6162	7883
336	6986
5524	6072
1932	5984
4220	8810
5586	7988
9836	9876
4290	6191
1448	8432
2907	9947
6965	7912
8845	9046
4077	4502
4539	9703
3744	6695
9026	9705
4962	9570
1895	2787
8911	9516
7023	7822
6553	9279
8422	9595
690	4456
5063	7370
2592	9159
1906	3205
1852	2984
8262	9595
1009	9707
7473	9603
5216	8254
9883	9968
4014	9149
190	1351
9791	9873
3108	5755
3569	7700
8017	8188
9283	9768
8291	9548
4457	4968
6336	9800
9937	9977
9870	9889
600	5864
1383	9177
8241	8702
8716	8943
4605	4983
3663	9176
9272	9964
2042	4003
9362	9933
8151	8527
8676	9791
7473	7575
6273	6778
3150	6934
4344	9243
5714	8516
9815	9828
5368	5406
8109	8255
3516	6582
1892	6051
1648	9533
1332	8885
1770	9617
9744	9955
2845	6121
3991	7079
1909	5206
8858	9832
6344	7193
7489	9700
6169	7147
5628	8470
6591	9373
2232	9553
9631	9900
7165	9573
8985	9565
6138	7267
3835	5876
9409	9421
5613	9971
7774	9669
6689	7283
918	9679
8909	9570
9900	9920
997	3839
1333	5163
8100	9229
4333	6404
5709	5784
2611	5068
5311	8947
1418	8375
7228	9691
9382	9707
6817	9451
458	1047
9075	9658
8691	9230
7885	8908
178	3421
2508	6494
4530	5567
3200	6758
3669	5765
7095	9691
434	6156
6138	7291
5766	7426
4271	5732
4752	8644
718	5972
6497	9010
2682	9413
1400	9837
2984	5694
3419	8683
9585	9634
8285	9949
4711	9314
1705	1846
8852	9313
1439	8522
4840	6823
4196	8614
1752	5379
8786	9730
5971	9253
7386	8716
4955	5092
2259	7707
8920	9387
3739	9444
3608	6771
4719	6758
8455	9612
3482	9335
2920	8744
1462	3955
5778	7875
9496	9718
5244	6222
996	8454
2058	9515
282	2626
3880	7638
1133	2194
5681	8155
7406	7929
1733	5313
4408	7824
6849	9370
9492	9624
1389	9664
246	4796
2338	7591
439	705
313	8586
2073	3448
4385	6479
562	5451
1627	6150
5010	9447
959	6201
6954	7153
8195	8582
9677	9897
5724	7342
4133	9240
8679	8906
3415	6357
8453	9393
1321	9052
5229	8448
2619	4199
2021	6235
180	8793
3389	8329
4253	8768
1909	2110
2528	9837
7018	9801
4817	5126
2071	7174
5259	9289
2849	8202
5252	5290
8093	8766
2748	9796
8977	9957
1840	7067
1419	1949
574	4653
9379	9604
404	8155
1975	6964
9300	9466
4132	4448
3714	4345
4404	5583
5760	7476
2579	4100
3188	4538
4465	9122
919	1908
2736	8952
8546	9251
9236	9538
6265	8262
3171	4344
4819	7034
3549	6631
5481	7605
9144	9593
4586	6384
831	7899
4893	8104
1744	3164
2177	7041
9282	9915
5935	7390
3412	9081
3778	9650
6294	7864
7825	8767
8081	8132
453	8687
4274	6510
674	9619
1329	5601
661	1848
1553	8523
9657	9732
93	9050
2798	3024
4696	6444
1912	5015
1294	9964
9877	9975
4891	5615
6324	7274
7277	7289
1079	2764
6519	7159
8342	9566
8711	9669
6272	9647
7105	9719
2156	9383
5645	8747
8105	9194
6317	8391
4465	8206
3337	7755
6591	6675
2820	4018
4934	7864
9103	9335
1517	5838
8759	9312
691	8426
8560	8628
201	2306
4528	5969
8086	9723
7661	8121
2095	8393
4153	9408
3958	6504
4999	6183
5672	9585
5247	5639
5671	7475
7090	8323
8881	9511
7112	8751
4709	6954
4518	8323
197	6975
3099	8881
9714	9915
41	6979
9427	9795
807	7241
2805	8386
3407	7977
3659	4216
3653	5239
9416	9598
8949	9623
899	5567
8372	9629
996	8569
9721	9946
4898	6009
4869	8455
2271	9547
5115	7341
6859	8396
1703	7312
4571	8088
3355	9430
8029	8773
6958	8019
8898	9302
8544	9163
6545	8823
5285	5806
1418	6915
1991	9516
7035	7750
35	6002
4750	5558
4692	9432
5080	6582
3282	7228
411	8131
3304	7434
7669	9534
7808	8202
6667	9317
7037	7919
3493	7999
9725	9767
2158	5096
6188	8764
1505	2603
2593	4124
2673	9034
3292	8838
6972	7012
2784	2792
999	1817
5164	5632
5904	7739
9448	9907
7232	8791
4461	7438
8043	8790
492	7622
1986	5593
9793	9971
7446	9144
6325	6501
513	3341
2952	3580
7691	8837
6376	7060
4840	8521
2980	3321
5935	8981
3367	9963
1940	8175
5269	6019
6983	9047
707	4267
2892	3420
2288	4661
2089	3595
7757	8167
7423	7570
3959	7904
873	4485
7853	9196
4459	5072
3754	8618
2195	8857
7844	9736
7478	7694
9884	9929
8055	9322
4826	7237
4448	8160
9248	9632
5329	7136
2706	2994
5171	7964
8470	8751
3292	3577
3019	3658
6979	8701
8718	9164
8272	9883
4367	6446
2091	5002
3999	8569
9822	9906
6671	7606
7636	9880
6669	7734
9611	9850
997	3178
2874	4821
3182	9223
1812	9935
291	3305
7840	8858
9588	9947
5091	8038
6706	7411
4642	8795
1174	7166
3949	4898
2759	7299
6160	6835
4475	4908
1489	5424
5169	9020
8995	9540
444	4587
7805	8982
354	7424
6920	8948
3225	5938
9445	9690
4715	5960
7544	9337
5904	9329
7061	7295
6835	9549
719	7764
3272	5759
7358	8344
6892	7504
6763	9541
6392	7815
3236	8925
4767	5084
1777	2617
268	5604
3553	9203
8843	9566
6214	7709
7214	9358
9266	9521
5592	7037
2592	9186
1225	5107
1140	4601
5295	7313
943	4235
2713	5902
7234	8702
6306	9777
2393	6525
2547	7761
3651	7381
7190	8186
7412	8302
8798	8876
3663	6565
2105	7871
8986	9385
7404	8747
1215	7069
9363	9731
8784	9343
7789	8854
3904	7112
1563	9771
9932	9938
7115	8095
5142	8732
96	5424
3119	7023
9271	9913
8691	9185
4095	8217
4430	4570
2377	7629
8353	8469
2728	8342
394	5541
8645	9361
3122	9521
7396	9762
5752	9741
6197	6735
6208	7791
9152	9761
7306	8525
2114	5977
1637	8507
158	1797
6332	9629
7371	8961
6862	9743
8793	9676
3988	8135
5067	6090
4639	8080
9756	9777
2616	6775
3971	9802
4905	8214
3304	5738
7292	9278
5134	6718
2579	6588
3081	7690
2391	4581
4694	5801
6941	8864
5584	7428
4215	8996
1374	5118
7849	8171
6434	6970
4633	9254
4014	6740
9222	9306
1558	2074
5405	7351
4557	7364
5864	7819
168	8882
874	1092
5338	8834
1493	8917
9088	9613
796	6610
2076	4125
158	1337
6643	8117
592	8504
242	9036
4179	9720
7485	8826
6794	9826
5299	9064
1654	2953
9903	9959
1564	9583
5705	6094
2670	5006
1744	5393
5806	9801
6268	8291
8297	9764
4638	9826
9617	9644
9086	9865
2539	9359
1302	5670
7383	8241
7470	8516
3562	7123
9741	9954
7008	7772
1914	4440
4705	5067
9607	9881
3910	7667
1603	7868
1880	8541
1659	8955
2121	6911
3037	9775
6075	9834
1891	8261
1909	3552
7741	8152
9951	9953
7601	9769
6109	7517
1774	5014
3291	5341
5843	7340
7316	9191
3946	5123
167	6536
2066	2585
5744	6036
8332	9114
3644	8230
441	1978
9190	9367
8473	9014
2930	8022
2169	7896
1215	1915
3091	6927
5080	7056
2127	7005
6364	8003
8035	8061
490	8112
7709	9885
2120	5000
1501	9310
5305	7415
1343	6917
7563	8312
2230	6260
4059	5492
5033	5799
1155	4484
813	2747
9416	9896
9594	9827
3074	5523
6907	7011
7773	9060
9436	9565
6008	6933
2717	4798
8738	8934
16	9961
6139	7476
728	3091
6687	9964
150	1084
3327	6965
3365	5984
4414	5151
4362	7157
7040	8144
1729	8475
1279	7376
9777	9813
4818	4854
7699	9911
1145	4111
9596	9707
5862	7026
5222	6777
1788	2100
1307	9559
7223	8193
8851	9742
3136	7708
3692	5670
5298	6150
4453	5416
8604	9198
719	5155
5466	7660
542	7468
9669	9753
4954	7629
7281	8907
6245	8592
310	6494
6791	9600
8279	9310
1362	5635
1132	2496
2472	8023
519	6604
1551	3960
4129	6705
6319	7222
8589	9931
2142	5651
3949	8336
4826	5629
4614	7492
9583	9900
5079	5867
4195	6335
2069	9596
6764	7294
32	7529
2198	7840
7723	9977
5526	7012
6334	9894
4389	5093
854	4287
1070	9415
3146	8507
9546	9689
8187	8547
4033	4056
6600	9231
8996	9130
613	5233
9733	9851
4141	5509
3814	8202
9891	9975
7368	9306
501	7991
9913	9929
714	5150
9742	9904
2076	5433
2102	3506
8856	9182
6103	6766
2172	3373
2172	8483
8317	8810
4865	6483
7847	9224
1755	7758
7311	9900
5324	9328
8909	9071
1633	8606
5040	8228
4826	7817
2499	5557
9212	9932
7674	9146
5143	6544
6127	6899
3314	4972
6805	8092
8937	9529
8295	9231
6609	7608
916	9124
2305	6690
5742	5859
1324	6724
5513	9825
4258	4419
4361	4635
5816	7813
6292	8249
5359	8945
1455	2881
1554	7812
1868	6388
8342	8709
2726	3463
5324	9486
3635	8018
1485	7139
2081	9260
9179	9510
3909	7431
9882	9912
4190	5764
757	4405
789	4199
4442	8576
5201	6439
2078	9911
1767	7462
5532	5869
4512	9233
6283	8102
9643	9754
4424	7000
6759	7657
1055	4351
462	2928
5525	6175
9846	9973
5640	9608
478	6681
1820	2417
2746	4917
8529	9741
505	6169
2570	3413
8281	8762
8496	9031
6464	8838
5883	8142
9238	9292
2044	5048
9471	9932
9716	9832
1097	3955
4654	9280
6291	9348
6353	8627
6919	9743
2091	7212
5795	9053
3837	4724
1190	4073
97	4818
3769	3909
8489	9919
4328	9666
2924	9294
9627	9812
8153	9040
6800	9417
7615	8079
6821	8666
4637	5712
4277	4746
6445	7499
7362	8912
5627	6285
9271	9920
7166	8400
7373	9894
9748	9795
1932	3815
672	5340
4958	8750
8043	9958
8133	8529
8675	9579
495	804
6212	7460
3085	5508
4579	8927
4189	9308
3296	7679
1426	5929
164	9778
8047	9098
4144	6242
5148	8894
2516	5558
411	1347
7846	8690
4538	6913
2453	9228
8880	9228
2705	8527
2719	5312
153	8138
9177	9639
1763	7192
4478	7728
4987	8488
6095	8360
7058	9633
6361	7170
4916	9481
1756	4048
901	9021
7570	9084
7165	8506
356	9457
2135	5413
9730	9886
5567	6618
3057	5691
1064	2995
7144	7832
6755	8906
9039	9588
9704	9861
6385	9584
729	2852
8781	9192
995	7375
4646	8661
8988	9131
8146	9009
8492	9918
7546	7969
6584	8767
2714	3078
6170	6531
6277	8935
8304	8971
7136	9722
7150	8109
5233	9033
9028	9093
3306	9942
6697	7226
4769	7718
2370	5124
3839	7145
9721	9807
5918	8844
7560	8013
7209	9235
7351	8684
1973	8451
8360	9077
2316	8242
4457	7012
251	9589
3140	3455
9137	9665
9258	9681
9325	9641
9923	9944
6042	9933
2591	9025
7807	8311
816	5314
3826	7809
4833	6743
4749	5269
4833	9363
6114	6755
6438	9413
3643	6698
3424	4832
9906	9974
6996	7495
9071	9712
7668	8993
9667	9815
9439	9663
7832	8667
8064	8534
7707	9753
6054	6946
9890	9929
8763	9867
5750	8965
6474	9250
5446	9363
4494	9275
7670	7996
1063	1745
5488	6027
9621	9664
6077	7307
6121	8833
8938	9147
6620	7573
5260	9670
7359	8316
5834	6121
1431	3727
7236	9005
9751	9949
9516	9884
3569	7293
6392	6569
3976	8972
9585	9976
7264	7595
6991	7208
7936	9511
5752	8089
734	785
1068	9103
757	3999
6562	8186
71	7265
7161	9652
3059	6634
5954	7564
6438	8411
5522	6586
8400	8843
1130	2794
6326	7007
8987	9916
9865	9874
5508	8617
6867	9240
3828	4320
4280	5768
4524	8788
3355	8786
3470	5174
9353	9839
6186	9107
5196	8894
9934	9964
509	5515
1981	5811
2996	6959
8550	9187
3418	8037
1202	6859
6837	8380
9526	9570
7538	9327
9249	9309
9229	9259
8887	9118
7634	9629
296	7870
8507	9000
5646	6961
2797	4471
8509	8819
9122	9374
2793	6233
7204	9633
2093	4213
7292	8517
6931	9842
2002	6589
8217	9045
8709	8743
319	9428
2955	3472
8498	9920
3202	8209
63	1262
882	2173
9979	9980
7040	8621
1199	4680
6524	9939
8331	9870
2646	3082
9759	9762
3985	6240
6227	9147
2770	8931
1452	2710
3630	9953
4964	8209
652	5402
9140	9979
5456	7229
7357	8665
5850	6546
1048	8567
3043	4536
4866	5381
5867	8573
362	7414
1280	8568
6832	7455
3382	5944
1554	8256
7052	9860
9917	9979
1632	4932
9867	9976
8129	9614
5946	8822
2074	8414
9727	9944
9627	9794
9271	9450
6724	8652
8979	9568
8209	9855
1323	1410
5029	8148
5614	8124
8283	9087
8418	8525
8389	8920
3129	7154
9978	9979
3732	5002
2645	6762
6094	6129
297	6445
4248	5926
1529	8749
3275	8297
4761	5551
6545	8133
6100	6908
4683	8283
9907	9940
1021	3101
8148	8666
3492	9103
3998	9458
9044	9184
5373	8703
3804	3918
7030	8307
9892	9955
4014	9774
9831	9851
3478	7636
2663	9789
6561	7606
6341	8277
436	3517
3937	8776
4317	9891
9149	9236
9069	9598
5164	8762
5220	7075
4432	7640
5556	9461
8737	8743
7727	8879
9656	9712
8832	9522
9731	9846
46	7994
3571	9254
2784	8102
5530	8785
2400	6368
3397	3730
4913	9167
3477	5550
5474	6304
7932	8323
3331	5879
7969	8610
1264	7027
3584	8609
214	1684
1197	9922
5990	8438
3628	8456
8087	8532
7555	8963
8466	9808
3817	4091
2007	9268
452	7488
6847	7839
6566	7351
1951	8137
8861	9117
8027	8362
3340	4550
9420	9804
7180	9065
9148	9256
3327	8103
2083	2415
782	1228
3811	9528
8829	8893
55	1906
2037	3671
1283	4775
277	4712
1525	8139
6980	7575
3668	4923
704	6892
2983	9935
9130	9167
9488	9923
5131	8800
2236	3485
833	9092
9554	9822
5878	9797
9336	9698
8701	8738
1264	1300
9384	9644
7508	8615
8230	8980
3756	9067
9631	9900
6971	9020
1001	5947
3619	6875
7828	8004
3341	7821
5677	8765
3604	5115
2097	6838
8830	9053
5407	6774
4785	7572
907	9536
3912	9599
7339	9580
9207	9717
8306	9599
231	2903
5200	8698
2344	3225
3387	7653
4428	5034
5367	9379
227	6289
7943	9256
3622	4132
257	6522
3503	6966
2589	6961
6093	7231
6205	8092
2573	2732
8162	9345
6695	9228
8112	9449
3513	4554
4863	7684
5441	7347
3642	9139
9301	9648
2525	8870
1057	9755
1344	6613
714	3208
4646	7459
4072	6885
7659	7793
8290	9037
8070	9703
5950	8365
5466	7170
2921	5486
167	936
4427	9022
9834	9863
626	3156
2447	7601
8623	8780
1230	5894
4234	6582
9131	9647
5389	5776
7812	8969
9624	9922
8579	9816
4664	9409
4121	7958
471	2914
5584	8169
2960	8667
6492	9321
7569	8922
3171	5248
5532	9551
8042	8494
2849	5876
1007	9731
2106	6305
1193	2830
772	4561
7002	7654
2516	8510
1427	8782
3399	5270
5690	9505
5369	9749
4098	8397
9968	9968
4611	5135
6442	9270
3157	4832
5584	7639
3256	8789
7269	9456
3083	8937
8431	8568
6974	8025
9217	9950
4351	7981
9653	9667
515	5905
2206	3641
4678	5948
2691	2826
3677	8299
7691	8825
1185	1201
8035	9769
2821	9696
4450	4724
8372	8539
1396	2767
1538	2436
5825	9114
4158	4638
7547	8049
6828	9735
8328	9046
9167	9356
7882	8235
5984	6053
170	6360
89	4376
7257	9795
6842	7231
8049	9201
3103	5152
7451	8400
1470	7379
527	5974
7182	9366
1462	3814
6289	9895
7513	8038
2766	3752
5880	9966
6128	7122
2872	6789
9182	9401
5775	7746
99	3025
3096	3384
2320	4715
8880	9183
5434	8064
7300	8984
7202	8191
8400	9031
7530	7583
5138	7288
8601	9193
2694	6484
8756	8821
2130	4799
1911	8108
4164	8689
5531	7464
2405	8845
334	9202
6773	7173
3931	7421
5882	8308
26	3703
3368	4375
2506	8512
6876	6892
1448	2551
4592	8874
6458	7173
4886	9976
957	7401
6941	7413
4485	8986
6230	7062
9608	9768
7401	7693
3866	8113
9477	9758
9918	9972
8385	9116
117	1807
2701	4282
832	4961
8692	9811
7748	9746
6597	9841
7688	8740
5071	9812
5747	6943
6331	8950
8626	9966
2119	5596
662	2631
2067	3931
5353	7396
5087	7640
7368	8545
6342	6661
877	6822
7923	9416
6617	8313
2034	7857
359	7774
9245	9530
5267	9232
2872	3637
7975	9430
9720	9883
5780	6109
5534	7436
3300	8938
3511	6668
5668	6829
3095	8285
6632	8668
7751	7972
9828	9897
1578	6054
1358	3902
2694	6593
48	5506
1529	7287
1328	4178
6266	8971
3587	5169
5649	6828
9125	9262
2743	3153
8120	8456
9328	9979
2484	7546
2727	9452
5630	9286
5451	7243
6486	8354
1326	5148
4292	9069
5460	8955
3024	4270
8214	8827
6555	7191
9078	9163
8417	8571
3900	8188
3491	6557
56	8053
1384	2851
2635	4306
1761	4715
1550	5306
5273	8196
2353	8394
609	5516
4107	8340
6926	8685
4027	6104
3585	6975
2574	6793
9918	9928
7708	8545
2343	8926
7026	8712
5082	6715
2146	2262
473	4580
5673	6072
5114	9181
5479	7436
1157	8888
943	7243
9737	9786
4244	8579
2514	9156
5201	5398
4436	7269
1706	7913
8059	9727
3045	4605
9865	9905
8774	9156
769	9064
4618	5351
5369	8625
6040	7341
4386	6189
9129	9307
3454	9664
9504	9506
8131	8808
3559	8104
9669	9685
5623	6371
2106	3387
2719	8123
8489	9253
8719	8809
4484	5797
8498	9070
6207	6479
9722	9793
5124	6720
4699	8685
6070	9229
9915	9939
3593	8454
8703	9095
1605	8965
3736	5313
204	1109
9643	9898
9831	9863
8330	9968
3057	8083
4336	5608
4640	7260
9292	9676
4295	6062
7994	9223
9009	9257
2617	9916
6180	8502
9241	9579
1008	2596
2402	4723
926	5287
2020	5994
3932	8875
9644	9864
6481	8395
4107	6802
545	3904
8851	9860
8965	9418
3163	4390
8357	9537
1985	9362
1160	6288
8352	9061
9593	9718
3192	6327
1955	4596
7430	8375
4781	5027
5117	7603
9939	9947
9535	9714
5481	6118
1175	8116
1548	6657
5581	9303
3340	6804
7006	9095
7211	7926
1797	3421
939	6957
5890	7684
5701	7555
9651	9878
7970	8903
3227	5926
1552	7601
2261	4387
5547	7064
8307	9372
6070	9471
3293	6540
1839	2338
9765	9944
2659	6607
3916	6506
7208	7327
7118	9669
3632	5368
8498	9274
2777	7798
3499	6996
7843	9194
1669	6861
1823	8273
4956	8222
5168	8748
9916	9951
1931	2218
9220	9612
5948	9573
3436	4706
5864	7378
7954	9256
8132	9710
8084	8377
149	983
2870	3782
5656	7310
3401	9383
5589	5595
369	1855
6234	6822
8497	8585
8508	8658
3893	9827
7397	8474
6407	7073
4380	5655
119	3471
9693	9808
6253	9374
1799	7741
5412	9085
7488	7886
4029	9191
3547	9913
8037	8909
2721	5147
648	3226
2737	3969
5115	9818
8065	8255
1080	3670
5717	8599
2633	5236
4008	5053
5874	7590
3694	5433
9477	9918
1551	6020
7497	8348
1454	6823
6088	7008
8035	8731
3292	8189
9145	9547
5468	6800
8629	9421
7464	9611
8604	9578
136	9646
1904	2806
2143	7053
8165	9676
5873	9504
2656	6817
9305	9544
4682	9509
7439	9181
5713	5882
9009	9169
2338	5206
7555	7729
3504	4424
8903	9150
1981	2018
7699	9901
8261	9633
1089	7317
937	5877
672	4164
3268	5284
2633	3014
8449	9226
9568	9937
3489	7161
1634	6670
8101	9384
4428	6578
6665	7264
6960	9755
8416	9555
154	5309
8475	9705
3049	5295
8072	9657
9802	9928
3534	9883
3265	4095
5330	7530
9171	9542
3663	7775
4572	9300
4360	5359
2742	9679
9903	9915
9165	9274
646	6577
3264	9606
6376	7294
7038	7150
6497	6557
6675	9274
1588	2814
7162	7667
9241	9701
3781	6199
1813	4587
795	7087
2723	6059
843	1231
2332	8149
792	1790
2077	4526
3474	7435
1193	4123
7550	8119
8585	9744
3497	8652
2522	5764
8339	8435
5766	5943
2213	5280
2912	8322
5176	6177
476	2014
5421	5846
9377	9826
8532	9856
531	2212
2032	5808
1222	6747
3922	7869
1566	7100
6413	8407
5939	7055
8578	8828
8636	8771
4504	8222
304	7394
7473	8298
3560	9827
7211	7683
1964	6692
8242	9119
8754	8814
5488	7179
9031	9215
686	5606
2406	6261
2604	5210
8917	8962
8727	9962
8288	8454
1905	7867
4415	5741
8767	9351
3085	7749
2304	9218
198	3946
2655	9928
6220	6906
9701	9925
8314	9253
8812	9221
3280	8799
7695	9237
1666	3418
8725	9516
5255	6635
1401	5689
4472	5254
8736	8873
2093	2150
3451	5588
3196	9973
612	9378
1949	6419
1113	3672
2533	6791
3964	4927
661	8858
2413	8481
7237	8620
1809	6888
9483	9511
5131	6106
6182	8466
5642	5773
4338	5084
9736	9950
7029	7077
5902	7908
3314	9269
2584	3246
9065	9172
9037	9516
6531	7236
5274	6309
1668	3440
9135	9803
3687	3828
9865	9888
9137	9700
6768	8671
1579	8497
3761	5820
8048	8928
4475	5824
1238	7153
2019	6512
2459	7304
8783	8802
2920	6001
2529	3772
5532	6243
4080	7569
2063	5069
1931	2538
3125	3935
7906	9082
5919	7482
7620	8459
2835	9384
1799	4665
438	656
5786	7689
2625	5732
5896	7641
6105	9558
2189	2359
346	7315
6181	8721
488	8943
281	2719
4848	7921
6093	7700
2787	3651
2013	4425
9074	9146
1335	4637
5319	5937
7321	9019
2652	9548
898	4814
4239	5809
9033	9605
3111	8401
46	1672
8684	9083
5931	8202
7272	9959
4820	7522
4231	6792
9867	9904
262	660
4473	9589
6749	7181
2342	9899
7592	9168
1113	1509
7377	8421
5014	6334
1980	4385
8956	9553
8149	9065
7624	9218
9319	9470
4273	6689
5641	7886
7245	7569
5537	9706
7773	9115
8870	9978
9715	9914
3297	8470
3363	8290
5598	5736
4303	9782
41	1831
4154	6017
8419	8488
7361	9532
6575	6662
7374	8259
7897	7967
8747	9220
6013	6050
1144	2253
994	7753
6420	6825
9135	9879
6236	8764
3336	9024
7265	7320
8267	8352
7994	9419
3034	6340
3635	4364
8491	9276
8949	9828
1371	3151
3361	7527
6880	9406
9381	9550
312	3492
7898	9637
4339	6437
5675	7459
3392	5116
118	4374
6108	8108
1572	3676
5540	6545
5370	5906
5806	9846
1165	2710
6274	9650
3725	7299
6454	6612
6571	9976
1242	9201
3970	9822
1100	5372
3755	5879
1061	8725
6394	8956
8113	9755
9407	9469
6300	8741
7276	9400
4546	7425
7225	9080
7381	8375
9249	9590
9477	9600
3447	6293
55	7225
3392	8918
5060	7073
4269	5129
8991	9388
7723	9720
4081	8059
6170	9517
6191	7744
2586	8471
3715	4051
5863	7017
6979	9925
5519	9285
9487	9800
9265	9915
4388	9590
1813	1868
8170	8568
4372	6301
7628	9663
9252	9968
2802	7197
3374	9328
9908	9962
2420	3023
5629	6548
4296	7655
3159	9807
2324	4940
4825	6801
2882	2943
6694	8919
3433	6965
4258	6537
2868	4903
2901	9749
3337	3405
9453	9749
4330	8074
620	8850
551	1751
4451	5551
1285	7695
4676	9483
5851	7503
1793	7382
894	7066
2536	5839
702	5821
837	3962
9835	9954
6788	7898
6139	6782
5909	7504
4704	7028
7431	8360
1290	9891
2063	4893
493	3177
8791	8979
1190	4037
6019	7190
7261	8963
7514	8882
3660	9407
9294	9803
4344	8950
9097	9536
431	6571
399	8641
9946	9964
8038	9884
7260	8169
19	6461
3484	7896
1501	5729
2127	8742
7480	8071
4506	7120
154	1902
7329	8087
195	3667
1037	9829
6813	8265
7845	9267
3084	3540
1184	5654
7008	9556
3370	5143
4756	5111
7378	8287
8754	9368
6146	9440
5422	6044
4244	5075
9142	9443
2149	9431
7064	7168
3656	3814
2476	8282
9204	9322
9948	9978
4990	7410
6905	9960
4615	6865
8542	8853
6334	8086
3831	5960
7313	8734
2262	7776
8444	9687
7424	8540
6158	8700
355	7227
8423	9665
7742	8701
7479	9894
4303	6373
1612	6247
7458	7492
2606	8155
764	5784
5595	6655
5352	9541
3759	3929
2840	9757
3955	8459
5736	9541
9253	9546
5337	8470
5664	8063
6060	9413
1632	9265
6755	7176
876	9916
43	1389
5980	7937
7136	9571
7416	9604
699	7314
1139	1765
2550	4565
2235	9805
4026	5206
5879	7100
2624	9568
949	9446
351	2560
4982	6439
2890	9550
9684	9936
6103	7313
2234	7127
7739	9319
1975	2734
7571	8039
4893	7576
9003	9876
6588	8984
3365	5264
3744	7693
8878	9391
7467	7959
5883	8798
2940	4924
4248	9907
2098	9960
7326	8805
1280	4615
8920	9177
2919	3326
9565	9576
5040	5599
6238	7681
6299	8999
8313	9977
1563	1671
4989	5669
104	3515
1571	2663
3511	5155
5776	7852
7812	9563
2124	6230
5958	6608
5362	9663
2912	8842
9162	9971
1062	9086
4834	6158
1826	6946
2147	4071
8353	9407
5751	6117
6693	9899
362	5621
4063	8337
4839	7170
4826	5416
9939	9946
9745	9762
5280	9646
4237	5225
201	9807
9610	9730
5594	5872
7264	8571
9002	9888
3845	8458
8216	9427
5770	6069
2778	8171
7820	9107
4957	7552
1363	7893
1030	3927
4043	6663
5369	8917
9450	9622
7465	9269
3171	8874
8853	9916
2661	3459
3725	3911
495	6963
4475	5636
4157	6443
5421	6592
7604	9761
9286	9306
7600	9821
5780	6573
627	839
4971	9752
2933	7168
7899	9222
6253	7164
4035	8356
1215	2188
8022	8872
4087	7710
5361	7198
3010	9652
6912	7627
5262	9020
792	5329
5346	7251
3136	3805
8959	9395
1376	4607
5858	8061
6146	8125
1451	6886
3977	6937
7670	9501
6113	6474
552	9001
5855	6687
6291	6467
3985	9271
2642	5599
9592	9610
9660	9813
5809	6530
1087	2140
3811	6277
5001	7412
2890	5680
9299	9810
2158	8654
5414	9804
1949	6326
4267	9273
8653	9267
5382	9092
1503	5101
2097	9377
3087	9972
9557	9921
1512	1751
696	4360
266	7587
163	6765
3562	8817
1180	9590
7976	8478
8220	9248
6242	8132
8930	8955
4806	7356
1145	7217
2119	9471
2788	8748
7957	9309
5231	9545
4389	8041
235	7645
5251	8919
7981	9524
9521	9525
9569	9959
7797	8962
8229	9625
9526	9865
8095	9297
8485	8666
7954	9447
8810	9026
3078	7922
2100	5791
492	3627
1205	8506
4628	7234
4018	6327
9018	9023
4507	5572
7345	9530
1744	2747
2044	3421
2751	7343
6991	7101
6803	9454
1502	2834
6700	8623
4452	5651
5568	7534
8351	8634
965	1678
3720	4910
3223	7024
287	9085
4371	9426
1586	6484
6998	8336
8239	9730
9711	9876
4017	7892
8267	8582
3281	7027
3651	4793
852	7576
4472	5426
9837	9876
3672	8132
4174	6477
326	9955
6256	8975
6271	8461
8197	8940
9229	9858
5928	7034
1325	6357
5264	5487
6627	7834
3878	6471
1056	1957
2630	8725
2009	4473
1236	3753
2403	4274
6481	7430
1307	1697
6102	6478
5683	9015
4260	7196
8757	9912
9128	9980
8516	8530
6295	6902
3949	9516
730	2926
6751	8597
7048	7572
7824	8466
6072	9380
5182	8020
8911	8991
4250	9082
3661	5367
1730	9330
9885	9951
5112	8645
2118	5837
9903	9925
8923	9377
5589	9377
1430	1431
519	1816
8746	9043
6266	6732
2979	7640
2024	8165
9410	9943
5805	8956
2701	9653
7119	9284
9374	9655
9408	9820
5501	7218
2348	4826
5678	7215
3020	8484
4837	9353
2799	9691
4969	6622
3784	4877
9694	9878
4325	6545
2883	3100
1117	8378
6046	8962
4197	6204
2611	9328
1108	3533
2646	8950
2422	4695
8026	9173
3989	7086
2191	7453
63	3740
9229	9332
2363	8597
919	4282
5453	7849
7826	9730
7950	9055
385	6358
5914	8437
6662	8294
8693	8698
7680	7811
3314	4845
5542	6252
6091	8564
7259	9463
155	1765
4725	8035
2838	6350
7121	8687
5939	9366
6120	6351
1340	8396
1733	5495
4616	9033
996	4558
4733	8947
8364	9781
4954	7790
5579	9826
8389	8884
4855	6889
2132	4614
3828	7533
8382	8971
379	6056
8225	8750
3455	3881
9706	9939
7574	8659
5106	5320
8687	9785
1499	1776
5458	7647
4496	8355
6438	9653
3961	8382
3452	5836
2456	5666
8679	9411
1439	5388
8237	9705
1200	2168
8858	9326
6354	9464
163	8992
2376	6389
2055	6699
7829	8406
7880	8926
6400	6654
1452	5751
5663	9495
6769	8313
6071	9260
4173	8093
4967	5982
7570	9913
8611	8877
1947	4861
6097	9009
8129	9965
7659	8212
6663	9208
1842	9896
9803	9902
2394	8415
832	6513
4561	5651
4642	6932
5541	7893
1712	4948
1924	3095
5781	8318
4901	8658
3154	7384
9033	9403
7643	8537
8173	8747
7464	8610
1956	9106
9636	9696
1233	3133
2954	9775
9968	9973
5950	8661
2033	3248
1104	1212
5916	9406
1226	3976
4053	9494
5606	9819
5154	6215
6109	6121
2171	7828
8599	9473
5154	8444
7247	8070
4234	8429
70	3168
8397	9756
1437	2348
5292	5880
4005	7468
7912	8778
9000	9779
1759	6533
6490	9278
3061	6094
6598	8053
1293	9842
9243	9976
7888	7893
8438	8714
9	3795
8900	9517
3118	4618
892	4069
4509	6501
4555	8563
6712	7754
6209	7594
3970	8468
9806	9948
5443	9019
3692	9611
7658	8403
7648	8783
3912	9896
7102	8971
1021	1128
275	1230
4100	9789
4774	6495
2567	8660
7140	9582
9608	9821
4303	5111
5957	8367
4535	8619
5826	9067
6240	9172
7328	7461
9324	9721
766	8442
892	3736
4115	9899
9833	9860
4645	8830
5576	8324
746	2469
3837	8355
4038	5445
2321	4279
7664	9023
8841	9370
4749	6161
3508	9742
6528	6575
6729	9526
6823	7366
2694	9526
6563	6647
362	7927
8376	8874
14	3196
7394	9593
7502	7757
6425	7211
6051	8169
3280	6672
8511	9188
153	7434
3293	4359
4140	7037
3782	5661
570	1863
4020	5248
8070	8698
9798	9950
1168	9167
7984	8456
3057	9832
6805	9217
8697	9113
7420	9103
6292	6814
1700	7024
9960	9962
1116	2209
6940	7823
2875	6091
6411	9918
6142	6946
1349	1690
5393	9212
2632	8343
277	681
45	2691
9645	9719
233	2781
4	8853
5087	7881
3663	7185
4193	7592
6203	7447
2463	5938
4258	5551
8231	9645
5008	8655
8045	8656
6766	9044
9272	9957
50	7324
1367	7254
6635	8520
2298	3680
5375	8833
7639	9513
3865	6512
2081	9440
2996	6431
8801	9532
3302	7844
9420	9734
631	8020
2213	8860
4076	8915
1286	2444
7876	9154
6458	7826
4074	9964
6336	7431
8621	9267
2647	7586
3132	9460
5863	8872
8014	9501
7714	8725
814	5786
3455	9686
1323	2677
9538	9759
4838	5890
7246	9909
6020	7346
8979	9054
5992	9382
5420	8476
325	3137
6868	7596
9922	9941
2799	5971
1227	3087
2830	9349
8999	9726
4485	6422
3124	6923
3271	6774
662	1924
9756	9973
7085	7482
2897	7319
9432	9638
8256	9818
4767	7478
982	5702
4435	7981
1584	4525
1130	7050
521	8659
1202	5663
811	4106
1702	2722
9356	9958
791	7058
255	3774
2390	3757
9046	9176
3229	9222
7732	8909
4074	9158
7647	8211
8713	9936
7644	8813
1447	5163
1634	8353
2938	9481
698	3152
403	6094
8674	8784
438	1688
9702	9829
7342	9792
5320	7658
7892	9397
5450	8266
9381	9418
2511	2524
6232	9243
813	9972
7685	8733
6061	6647
3394	9797
3883	6758
9688	9910
4558	8531
4717	9443
561	1276
6846	7616
3635	6530
7707	9845
5667	8509
5842	6901
4951	8183
3530	7976
7043	7970
4905	7593
8140	9056
396	8657
2725	6119
7836	8304
3015	5317
2368	3747
9881	9920
175	6897
9469	9867
4346	7689
861	1568
5826	9068
7989	9948
154	3885
5198	8961
3529	6306
5687	9945
9278	9315
4968	9097
9667	9795
484	5272
3667	6985
3969	5078
7335	7714
2903	4335
8916	9935
4616	6527
8223	9273
2801	6435
2138	5958
4839	5646
2444	5000
5410	7234
5493	5889
1373	1879
8472	9534
9129	9577
679	6283
1046	9657
3732	6908
1916	9580
7068	8780
3173	7537
3935	9549
2146	8073
7946	9139
2679	9053
9349	9794
7903	7958
9034	9978
3724	6671
5907	7640
4861	7982
5624	6174
4458	5948
6909	7753
2963	3362
5411	8675
7394	9063
2522	7505
997	4477
5786	9763
1938	9702
6055	7454
8111	9681
9689	9898
2621	4671
6928	7170
5785	9932
9575	9718
7884	9284
5465	7402
246	8103
3821	5956
7398	8571
1355	3788
1244	7534
207	2529
199	6455
7045	7809
3429	9039
6574	8483
2319	5856
7868	9714
1389	4282
5646	7584
1533	3509
8258	8892
8300	8864
3623	4220
2364	7256
6728	9826
3103	8693
5270	5744
3484	7118
1582	9206
5499	7950
176	4969
1600	6243
4868	5913
7979	8291
4941	7608
7123	8307
543	2698
4360	4975
7780	8975
7584	9669
5538	6917
1892	5281
9975	9976
2993	9443
1091	4972
8705	9610
287	924
2545	6972
813	1179
5689	5782
1164	2849
4447	6913
3288	9391
3393	9285
9316	9950
6975	7517
1476	2242
9768	9842
3265	8283
9363	9587
7458	9943
6448	7546
3485	9124
5776	9843
9872	9952
4446	8522
6859	7239
641	1184
1567	1885
2313	8828
3510	4044
5891	6069
2756	7099
5621	5645
6979	8666
8162	9087
8047	8128
5791	7109
6016	8365
9313	9347
4361	6448
8464	9176
6602	7591
8780	9943
8599	9754
4425	5000
7238	8687
4019	9714
2175	8675
3140	4767
3819	9318
1474	4118
1418	8911
6179	9506
2524	8326
3870	4284
7309	7641
8920	9698
6311	8103
6005	9775
6963	8513
883	3681
8446	9662
3923	5824
5620	8542
7571	9408
2939	6176
8193	8422
3139	5434
2712	9931
7296	8554
4648	5625
8227	9290
5415	9553
6951	7359
7511	7572
6285	9261
9533	9619
7329	9096
6939	9151
3048	4210
7888	8904
3844	7403
8173	9273
888	4310
8977	9834
9889	9939
667	4783
6021	6219
4310	7775
5194	9469
4434	8239
2359	4866
3370	5737
827	2227
1678	2632
8234	8294
9335	9620
132	6197
382	4046
4087	4271
4037	7176
2184	2436
215	6572
6588	8378
3620	8020
197	6617
1093	5837
5839	8118
5764	8550
1453	2547
5581	9469
3285	4373
2200	8240
8261	8936
7161	9048
8800	9300
6974	8313
2061	9623
1121	6350
7247	9093
8828	9459
8209	9476
5987	6016
4362	9882
3754	3913
8611	8911
2110	6383
2297	5806
8079	9968
3394	5634
8733	9071
71	7743
8364	9686
6339	9151
9894	9908
5818	9593
4937	5592
5819	6511
4303	8504
8377	8513
9216	9963
7182	7773
3062	5188
9803	9883
9798	9975
9732	9754
4189	6441
1518	2562
5768	7040
5807	7601
8051	9533
5580	7514
4852	8595
7876	9797
382	3004
9856	9858
6533	8056
1480	7836
3590	6145
9444	9807
4307	4877
8431	9332
2482	3155
34	760
4084	8915
596	2414
6978	9206
1829	3766
1919	5456
1445	2498
912	5162
9799	9822
136	5612
6718	9201
7946	8176
3170	5810
7923	9655
1363	2688
9495	9551
7627	9841
6204	9735
3175	9810
2542	3827
6141	7345
4539	8864
2786	4524
7735	8131
5927	9496
8130	8870
5988	8108
6978	8394
278	7959
7073	9097
8755	9609
2287	8667
2760	5752
4203	8212
938	8771
494	2490
4003	5733
9939	9947
4456	5671
9755	9870
6412	9202
7112	8049
7684	8608
1005	1370
7192	8975
2456	5862
7141	9354
2793	4452
798	4033
1875	4926
2826	5011
254	1170
301	6507
732	7434
1424	2720
6090	8140
2494	7382
1697	5618
7559	9771
2621	3876
8165	9914
6570	9607
8439	8966
3146	5302
8756	9593
9852	9893
1937	6642
8694	9499
6970	7447
4095	8554
4094	9697
820	6326
6409	7123
2323	3879
3208	3658
1458	7983
4641	5118
857	3464
6833	8978
6242	6924
5161	7493
5611	7635
5062	6891
1943	2401
6273	6708
567	6681
6280	7680
4662	7004
6282	9725
4986	5023
4589	6186
3682	7890
1873	7820
1599	4990
5100	6223
9790	9866
4793	9170
362	5968
5574	6811
863	8077
620	2794
7162	7377
1803	6292
459	5832
734	9328
8845	9587
7176	7817
5571	6611
995	1202
6743	6899
6792	7344
2556	6280
4723	8413
2464	3372
5059	9648
8973	9862
2824	3807
1101	2049
3473	7903
5137	7593
9327	9634
6050	9418
5655	7497
649	3892
7546	7707
5407	5457
6831	9475
3404	6043
4239	9840
8115	9848
2021	4327
9396	9778
3459	8321
4527	7758
6949	9293
1678	8131
2406	6453
556	4491
7556	8316
1966	6393
2065	9947
2069	2635
577	1968
397	6724
575	5924
9280	9702
6660	9466
2779	6782
919	4445
7506	9935
4085	5711
6162	8046
3435	6037
2265	8166
145	1964
7468	7777
1036	1061
6494	6719
2032	2898
9147	9285
4812	6119
7666	7933
4149	9591
4245	4866
6583	9734
9970	9970
2862	3964
1909	5093
7845	9751
7838	8513
2459	5214
3289	3323
8952	9084
9241	9676
2331	2863
9574	9790
7758	8730
3732	4268
6484	9980
7272	9865
3318	4072
6875	7556
3057	8324
2833	7128
6976	8144
4059	6527
2432	7009
170	2925
5362	8723
6135	6806
7661	9786
1064	3078
2924	5630
6814	6863
2559	7841
77	5715
4297	4942
7444	8757
917	6071
965	8347
8448	9019
6033	7787
9587	9842
2787	5687
3438	7300
1591	5787
1381	7096
5125	5739
4087	9743
7601	7676
8941	9426
5063	8617
5662	7558
3403	8774
6257	6351
6787	9664
9447	9735
2609	2816
6828	9304
2702	2786
7360	9572
8305	8883
1263	5473
8083	8536
8012	8326
5780	7720
5731	7581
5425	9088
1650	3469
3427	4023
4639	7952
9727	9738
4492	8911
499	6374
9362	9647
4075	6829
40	3837
1428	9066
5983	8466
1859	6643
8029	8398
4805	6138
808	2607
5278	7775
2610	3733
2612	5940
9410	9430
1195	3401
5452	6516
8199	9164
2495	2795
4425	4909
4474	7912
2669	5554
3780	3878
8630	8689
8798	9897
8706	9638
2722	9352
851	2570
3522	6278
2448	5889
5317	6391
2067	6963
5293	6244
8994	9312
4546	7680
8278	9343
5060	8185
9283	9422
9518	9689
3255	6652
9533	9682
7377	7387
8400	8696
423	1856
4710	7651
6716	6732
9238	9417
2092	2209
2106	7446
728	3286
9656	9687
5809	6890
3037	9114
4473	5340
879	4155
7411	9805
7506	9382
1279	7766
9905	9934
5480	8262
1900	3566
4002	4291
4221	4373
6477	7597
4510	6504
7616	9567
2239	8885
2348	2570
9018	9111
6564	8412
8342	9794
6165	9731
6384	9479
9484	9862
328	6776
6972	7789
1871	6005
1135	9750
7253	8182
5984	7857
35	1831
9495	9687
2051	5827
5296	7199
9638	9980
4474	8056
4326	4971
2209	6571
6505	6622
4893	7406
55	7459
5407	8253
1143	4163
7085	9396
1432	3053
5445	8940
3108	6776

