1000 1000 1000 
942 812
350 141
308 549
635 391
599 272
68 137
752 222
727 96
568 514
212 139
607 876
495 646
745 42
733 454
105 511
702 535
642 263
100 358
222 723
744 376
432 712
660 298
476 233
227 36
109 855
421 119
752 332
330 889
474 198
49 265
829 594
516 894
855 410
811 704
417 841
225 642
925 679
163 244
466 438
819 708
73 724
284 181
26 128
970 992
678 405
757 402
800 228
969 200
657 22
885 273
432 767
578 17
282 993
119 979
190 715
817 546
393 936
363 852
927 761
291 966
627 562
681 315
534 904
587 450
990 933
226 555
794 322
994 642
496 550
129 28
184 188
25 555
123 856
726 396
953 201
668 996
222 352
949 349
96 190
520 993
588 933
793 464
592 251
145 101
247 566
853 265
31 636
547 224
18 649
650 572
402 845
186 177
518 788
432 379
966 567
739 73
11 653
422 482
98 216
942 354
554 695
679 990
725 82
948 297
857 107
496 76
546 860
903 684
636 998
774 943
336 394
598 655
383 156
410 756
196 375
907 210
942 712
897 665
889 157
99 488
623 918
717 303
631 336
701 799
471 178
945 908
339 97
514 424
162 348
587 621
65 92
432 108
650 842
775 30
451 348
378 444
918 549
508 695
506 365
402 804
771 912
797 634
392 408
355 819
17 641
665 9
136 737
574 792
200 266
598 181
34 649
29 295
46 23
267 535
379 448
136 165
336 667
889 613
933 369
324 930
879 147
132 639
921 111
297 687
215 551
916 552
2 496
726 847
416 330
96 491
557 773
456 348
463 48
759 635
208 816
5 217
395 696
319 949
658 623
782 453
614 357
428 299
121 492
401 74
40 285
998 768
506 715
745 442
897 105
17 190
597 810
164 251
819 562
803 761
444 750
253 297
137 578
206 951
186 113
377 736
951 241
372 529
983 121
129 595
40 62
431 300
135 948
976 231
882 428
467 759
940 104
738 612
651 529
573 222
471 10
77 686
369 918
712 972
439 184
103 106
1000 77
185 497
776 880
601 256
823 657
862 779
359 469
935 775
682 24
171 855
459 140
823 799
252 709
450 242
170 39
184 334
955 607
473 925
333 157
331 654
767 797
105 444
835 472
441 178
31 152
367 648
313 89
25 518
308 384
476 397
375 654
82 571
55 950
311 43
577 602
732 164
379 8
670 45
177 388
9 275
391 810
99 458
175 744
244 828
442 439
346 593
813 432
530 966
640 294
580 53
869 91
933 56
866 169
668 896
968 797
577 896
108 146
317 200
410 618
938 79
794 10
895 327
678 154
588 949
635 319
687 545
261 398
260 690
97 95
741 321
183 711
731 376
300 508
435 137
743 546
954 47
585 157
296 689
147 693
243 651
528 297
906 73
149 402
591 585
568 477
843 464
423 827
453 64
364 29
885 159
554 84
724 506
2 896
781 541
602 607
689 990
880 495
810 300
587 294
47 943
656 322
40 650
927 323
440 843
401 900
751 724
780 19
739 453
605 751
992 58
367 552
631 696
45 860
924 758
137 980
993 924
210 498
357 555
699 575
433 883
560 668
35 67
574 867
984 797
809 443
660 239
275 322
622 541
338 722
831 66
113 436
771 74
757 89
513 364
435 947
469 833
948 493
812 699
334 213
764 943
245 985
87 864
663 200
897 675
939 999
933 683
696 948
607 805
532 971
758 763
591 262
614 432
863 2
657 313
695 885
143 309
360 116
358 278
272 499
865 50
110 391
226 100
688 245
220 270
905 486
884 562
541 267
49 758
964 407
373 406
601 236
311 42
417 889
87 783
145 674
899 955
354 778
672 854
29 239
160 265
483 708
883 86
607 584
576 543
698 295
406 229
374 467
474 991
925 855
503 534
49 603
679 7
531 66
637 709
393 613
838 471
437 179
41 492
439 95
843 572
686 924
831 76
489 269
434 336
141 714
490 460
207 953
179 276
783 782
367 284
718 629
112 180
811 918
979 311
30 998
187 180
279 170
374 573
818 776
176 936
847 985
276 98
759 674
789 671
386 166
965 780
225 92
508 577
834 735
867 897
418 621
27 62
185 53
884 314
606 72
856 525
811 17
971 662
340 513
365 31
856 93
100 851
774 963
28 465
416 495
452 349
853 637
832 169
979 258
696 873
230 54
634 609
61 255
521 509
752 84
73 976
186 190
751 646
500 685
619 506
143 707
877 182
91 423
652 996
433 652
326 9
886 979
239 199
607 631
835 741
938 112
267 455
875 801
209 65
885 508
111 633
411 929
379 932
693 224
914 83
407 260
244 690
971 899
529 399
73 476
922 642
923 11
769 909
167 724
579 710
717 149
203 780
803 250
935 154
865 597
682 391
19 171
595 516
472 674
868 776
693 446
139 325
906 717
594 159
395 984
421 486
913 7
231 540
105 128
429 653
612 112
488 706
181 194
731 550
558 262
200 547
582 815
956 72
55 43
20 75
406 887
989 27
390 359
255 69
522 92
374 388
73 815
649 257
978 416
458 572
593 662
309 999
687 869
324 255
490 144
809 459
981 728
285 206
903 996
21 396
787 725
555 826
791 558
815 294
632 619
607 667
245 148
73 532
207 837
304 623
704 661
435 286
398 766
847 591
561 415
977 506
117 443
710 606
453 76
919 657
955 959
666 230
194 665
687 744
742 900
634 559
204 842
728 276
118 726
421 328
849 435
700 571
477 102
664 659
402 505
980 14
360 524
183 306
701 549
825 210
416 576
523 89
673 723
211 729
459 660
181 888
266 385
574 875
457 960
105 212
897 242
682 839
327 188
401 805
755 908
541 130
286 241
679 459
86 196
713 623
194 227
395 355
156 547
717 753
402 6
796 545
193 849
398 899
1 882
622 947
51 925
924 253
740 205
8 381
139 702
362 26
520 324
238 390
303 152
283 892
436 133
873 583
229 790
69 274
153 865
359 424
869 187
801 296
8 132
297 991
293 686
380 826
205 479
60 891
203 177
740 181
549 245
392 673
610 630
464 204
834 13
839 177
18 156
14 240
3 70
700 374
68 885
905 401
107 773
580 639
353 894
139 679
290 645
483 608
26 236
608 601
973 639
892 837
787 775
515 340
980 191
161 40
899 452
169 402
393 938
209 692
199 512
596 630
499 835
7 751
947 324
983 268
372 619
188 162
525 611
480 471
308 603
251 974
659 580
249 483
758 252
58 796
2 104
445 134
524 476
959 412
514 814
454 483
416 468
33 754
912 871
771 538
102 678
42 977
46 678
568 578
409 816
836 144
52 468
91 819
124 361
830 44
751 200
620 754
795 914
27 237
574 375
413 338
135 831
242 353
706 225
514 273
620 930
105 741
457 300
521 461
46 34
987 617
53 424
616 906
77 100
731 762
620 144
577 914
156 464
896 994
62 601
269 773
897 16
835 286
914 662
667 728
113 889
957 77
911 175
396 432
595 722
788 480
336 975
393 487
252 76
405 671
16 964
383 153
435 942
180 685
327 70
171 820
249 449
259 852
728 493
107 107
399 713
252 481
658 945
497 478
146 662
808 827
734 134
553 365
347 27
113 910
930 1000
212 259
792 76
838 81
471 815
361 421
153 939
735 486
910 942
44 113
7 512
384 582
909 770
409 808
971 372
679 798
669 205
340 627
844 61
921 989
313 312
502 671
32 147
106 814
675 658
343 898
994 686
794 876
794 266
581 996
916 492
68 357
150 400
23 127
726 509
933 648
810 867
758 580
589 517
288 782
655 652
5 215
472 442
130 452
765 224
987 158
766 230
854 355
133 449
17 986
165 12
360 239
846 14
38 569
450 133
791 379
803 253
600 163
929 260
338 845
377 886
177 610
463 622
128 788
962 671
646 719
892 768
835 138
674 329
710 245
721 211
721 738
287 659
989 415
583 981
58 543
721 910
729 19
548 382
231 673
615 147
771 9
679 479
50 405
284 415
99 265
682 467
218 78
431 113
778 551
870 877
871 712
482 86
179 779
992 70
188 222
271 603
191 460
748 994
350 883
800 534
352 103
883 761
790 606
154 1
981 201
790 20
686 175
261 128
921 822
382 280
316 189
237 565
487 838
299 737
268 697
941 411
825 189
242 262
408 343
545 361
185 25
277 888
245 963
439 549
790 831
596 781
809 64
26 509
478 882
941 88
169 844
530 762
458 644
978 536
317 239
626 276
707 558
511 248
965 430
386 426
972 6
270 385
4 36
757 586
413 643
61 72
655 57
659 451
671 499
718 797
339 632
817 531
857 960
459 596
665 130
372 200
539 49
249 736
854 348
542 197
509 482
623 598
462 462
341 788
844 880
228 87
930 248
554 991
712 37
370 868
537 614
617 13
590 740
838 313
79 972
239 941
237 282
580 393
62 376
879 620
614 97
266 853
578 856
644 354
747 729
531 177
567 897
147 117
855 15
64 801
849 445
437 40
584 664
757 956
915 444
216 9
536 314
87 629
252 381
393 873
800 145
858 513
969 93
856 428
190 483
793 941
90 712
508 241
158 922
215 317
956 388
221 477
472 302
639 615
196 734
309 569
626 186