1000
375 5
319 5
337 7
122 8
154 8
267 2
399 9
387 9
159 5
105 5
395 8
170 8
382 6
181 8
382 8
197 3
213 5
178 3
346 4
368 5
356 7
142 3
211 3
267 5
272 6
171 7
108 3
130 5
164 6
362 4
358 5
236 6
248 4
380 6
227 3
230 9
106 8
233 3
177 6
272 7
313 7
216 2
192 5
200 6
247 9
362 2
115 7
315 8
119 5
116 2
257 9
157 8
206 5
298 7
127 2
170 6
171 3
150 4
188 5
155 7
248 9
213 3
309 7
247 5
224 4
112 8
278 4
353 6
142 6
282 7
249 4
345 7
178 9
167 3
292 6
380 2
311 7
307 5
387 2
141 8
374 4
193 8
288 3
183 7
206 9
254 6
158 8
195 8
349 2
302 5
345 6
322 6
258 7
127 9
305 2
384 4
103 4
150 6
295 9
197 6
361 6
324 5
118 8
279 8
349 8
287 7
278 9
211 3
359 7
148 3
220 9
113 3
215 8
262 6
242 9
168 2
237 3
207 9
302 2
233 8
180 6
399 7
219 4
305 5
385 3
110 3
141 7
372 5
393 5
198 3
164 8
286 4
257 9
136 7
184 9
145 2
121 5
288 6
125 6
264 7
128 4
279 4
127 2
343 7
218 2
371 3
140 5
101 7
216 2
379 2
174 7
326 9
314 9
264 7
338 8
300 7
306 5
298 5
109 6
117 3
183 7
396 4
226 8
141 7
155 5
299 2
355 9
360 3
383 8
184 5
138 6
122 2
154 7
329 4
107 5
398 5
208 5
117 4
104 4
303 6
258 3
150 6
187 6
225 5
316 5
143 3
202 7
385 9
323 8
257 3
354 6
139 6
305 8
198 3
284 3
358 4
119 5
298 2
367 4
363 2
180 6
232 7
157 7
210 2
370 3
375 7
144 6
381 9
360 6
180 2
143 8
110 2
163 5
320 5
115 9
355 3
144 5
313 8
117 5
104 6
297 8
259 5
318 7
285 4
304 3
293 4
208 2
345 3
274 5
266 6
263 8
338 9
259 2
283 2
337 4
204 6
257 6
300 9
382 5
236 6
102 9
393 6
328 8
278 9
167 6
238 5
316 4
242 3
335 9
319 7
394 9
241 3
326 2
277 5
177 4
105 5
203 3
360 9
396 7
315 9
396 2
367 7
163 4
368 9
168 7
380 5
330 4
155 5
266 3
353 9
162 6
313 6
197 3
283 7
298 7
387 3
114 7
156 7
242 9
157 8
324 6
265 4
216 4
150 2
276 8
285 7
325 8
394 8
267 3
322 6
300 6
173 9
218 5
238 5
338 5
241 5
305 4
196 4
374 6
222 4
254 5
104 3
181 7
348 8
341 3
258 5
317 4
356 2
291 3
340 6
336 8
271 6
128 3
164 5
354 6
274 4
358 5
304 7
118 7
392 8
206 3
217 6
213 8
110 3
242 5
243 5
367 3
251 8
383 7
270 6
269 4
266 6
389 5
182 9
273 2
210 9
159 2
192 3
102 9
354 6
104 9
153 5
355 2
247 3
384 7
176 5
171 3
195 8
194 8
398 3
131 9
365 7
159 6
206 9
205 8
380 3
207 2
140 6
247 7
171 3
283 3
325 5
295 3
286 6
372 6
389 9
386 6
211 7
121 3
211 7
200 5
119 5
356 5
117 6
230 8
238 7
285 3
348 6
365 8
334 9
125 9
156 9
195 9
275 2
361 3
317 2
344 9
312 9
103 4
201 3
227 6
329 3
172 6
337 8
379 3
112 6
286 6
304 6
394 7
100 9
253 6
119 2
398 2
129 8
169 7
142 9
364 4
260 6
296 8
275 2
213 2
220 4
224 9
369 5
368 5
375 2
133 6
106 4
398 3
137 9
254 3
311 6
225 6
329 7
177 7
229 9
285 6
365 6
386 4
360 4
236 9
158 7
104 8
231 7
305 9
293 3
193 4
115 3
300 2
293 5
205 2
190 9
182 3
182 8
328 2
163 5
206 2
372 8
152 3
224 6
384 7
341 8
280 2
397 4
105 4
327 7
139 8
271 9
346 4
238 6
124 6
115 6
117 8
196 8
117 6
254 2
276 9
238 2
170 2
180 3
146 9
371 2
163 9
156 4
194 2
375 7
130 9
140 7
178 7
388 9
329 3
352 6
212 8
327 6
371 7
100 2
269 8
381 7
315 3
136 5
108 6
133 5
394 3
268 3
340 4
335 4
212 8
153 4
133 7
162 2
198 9
273 5
338 6
130 2
320 5
349 2
113 9
137 6
159 4
283 5
270 9
219 6
371 3
121 5
158 4
253 3
326 7
185 7
320 5
350 2
285 8
101 8
141 8
352 6
110 5
137 3
258 8
305 3
233 7
155 7
164 7
146 8
328 6
161 3
289 9
122 5
292 3
236 5
368 7
273 8
329 2
294 2
206 6
395 3
140 5
195 5
173 5
332 9
119 6
293 9
133 3
181 2
363 4
373 8
102 8
259 5
337 6
252 9
234 7
101 7
195 5
267 7
223 4
165 2
219 7
242 4
152 2
248 3
240 7
237 5
108 7
316 7
263 7
142 2
380 2
192 4
379 2
196 4
160 8
148 3
203 2
286 9
372 7
368 2
387 9
192 2
263 3
332 9
386 4
287 3
180 6
111 7
140 9
344 2
224 6
325 2
338 8
165 7
226 8
270 7
113 5
241 9
335 5
293 8
361 3
281 4
153 9
291 2
194 8
269 4
329 3
265 3
178 2
187 5
267 7
368 5
119 2
119 7
289 3
251 3
137 6
388 3
298 3
206 5
206 9
280 6
256 5
380 5
396 8
291 5
179 9
277 3
119 4
302 9
225 5
259 6
160 3
114 7
267 8
202 3
129 5
101 3
279 9
125 3
221 7
184 5
106 7
362 9
162 2
369 8
113 2
361 5
201 4
198 7
298 8
372 7
132 6
162 2
324 7
130 8
233 2
201 2
233 2
139 8
169 5
212 7
249 7
138 6
369 9
132 6
333 8
338 3
256 4
356 2
289 8
104 6
317 6
291 5
315 4
152 2
347 9
175 7
189 3
343 2
210 8
272 5
280 9
241 8
238 3
373 9
149 9
183 7
217 7
330 4
260 6
254 8
170 3
217 3
393 7
393 2
354 2
267 5
240 7
188 6
337 4
396 4
174 7
298 2
346 4
300 4
175 8
227 7
102 6
150 8
353 9
160 6
345 8
282 2
242 2
386 4
393 4
186 9
175 2
160 9
380 5
365 5
104 3
143 2
158 8
216 9
128 9
186 7
326 4
393 9
195 7
121 8
129 5
143 2
318 7
223 8
259 9
394 9
101 3
132 2
168 3
137 8
369 7
188 5
343 3
348 3
210 4
192 6
248 8
279 5
217 8
314 7
285 5
218 2
342 5
300 6
110 2
114 4
140 7
126 6
309 4
333 4
170 2
239 8
212 6
112 3
268 9
175 4
172 6
225 3
246 4
254 4
183 9
143 8
125 9
383 4
126 8
165 6
279 3
170 8
224 6
149 2
106 6
171 7
137 2
282 9
223 7
170 4
260 8
181 7
136 7
109 8
274 5
194 4
257 3
191 2
117 7
244 3
275 8
368 9
129 3
269 3
345 8
328 3
148 6
226 2
136 3
170 9
380 9
396 6
178 5
195 2
355 3
305 9
357 2
234 4
203 6
176 9
204 8
185 3
228 2
329 2
219 3
164 7
232 5
123 4
319 9
105 6
220 2
291 4
173 8
267 8
386 3
372 8
336 2
168 5
298 2
122 7
161 6
350 8
338 8
199 5
399 7
311 6
149 9
281 3
393 6
220 6
118 3
207 2
389 2
215 3
175 9
326 6
177 3
287 5
379 5
392 8
386 9
153 4
379 6
308 5
132 4
220 6
285 2
238 8
395 6
353 4
226 6
236 8
100 2
278 4
195 2
196 5
161 3
112 4
288 8
312 5
277 9
131 9
139 3
224 4
253 6
133 8
239 3
128 8
372 7
384 6
327 2
383 6
257 6
317 7
166 3
392 6
116 9
111 7
192 3
182 8
154 2
188 4
216 4
160 3
247 6
327 4
348 7
166 8
208 9
112 8
237 2
328 3
341 2
324 4
285 5
135 6
134 4
207 7
171 2
387 4
337 5
380 7
165 9
184 2
329 6
205 8
304 7
327 8
297 6
234 9
215 5
134 3
391 6
238 4
126 7
337 7
362 4
269 3
227 6
382 3
347 7
314 5
126 2
126 8
307 7
292 4
386 9
292 2
203 6
384 8
325 8
306 9
135 9
170 4
380 7
363 9
200 4
162 6
252 2
247 3
250 6
245 9
108 6
277 2
217 3
313 9
269 7
107 4
188 8
200 4
109 5
176 7
368 3
146 9
369 5
300 9
246 9
125 9
304 4
277 3
147 2
273 5
186 9
138 2
103 2
185 2
136 3
166 6
277 4
266 2
257 7
257 6
382 9
202 8
295 5
246 3
184 6
326 6