4985
0
156
4305
1012
1364
3358
1593
808
1861
2128
410
2373
352
4204
298
1466
4586
1839
3873
1639
3488
4220
3589
1233
4128
1395
2408
745
4371
1436
3863
4882
2462
4439
4136
101
705
717
2504
108
2964
705
717
2504
108
48
3872
3253
3852
3540
2787
1030
3405
2964
4777
3220
4991
1218
3380
1478
429
3861
2476
4408
2549
2866
4765
3424
1693
25
3526
4944
3870
3747
988
718
4567
3920
2946
4323
3446
1439
468
3144
1400
4385
806
1365
2718
4803
871
785
1340
887
2883
2490
1425
779
3048
3698
3732
401
381
298
532
3977
4029
1908
3060
2184
3704
2469
1706
4094
4085
706
467
335
301
969
3364
1137
2851
1272
1829
4185
1572
1574
3282
3461
4514
1593
2393
1482
3833
3702
2759
3617
2058
2710
2979
4402
3344
561
2358
2018
573
269
2743
3367
403
4608
4193
3407
4635
1386
3504
3672
2499
3318
791
1150
4732
1824
633
4934
1531
272
509
4333
2772
3485
503
3344
82
1549
4521
2676
1635
2212
4503
1735
1768
2439
357
4254
3801
901
4614
2467
637
4461
2016
1037
4035
2937
549
3116
4638
2702
1630
2241
1133
923
3452
4980
3148
3458
2703
486
3735
743
1164
4401
3568
2194
4901
772
196
921
48
1894
1974
1819
411
2269
2523
2302
3377
4087
2834
1266
1861
2913
4371
3039
1285
3484
2788
4393
1804
1819
3108
3900
2285
1026
3491
4186
3759
4509
932
3877
1337
1477
3514
2284
4821
942
61
1122
4495
1614
4314
3815
4833
1371
1980
4180
104
1234
263
2538
2113
1
750
3546
1562
1976
2738
1304
755
1464
384
3528
1651
3946
3275
2830
4481
108
1279
4424
3422
161
790
777
2064
2094
718
18
2648
3811
2851
1153
4312
309
2425
375
1835
3320
1029
4018
2606
2093
196
4960
802
232
294
506
4017
4772
575
1066
3817
4900
2486
160
2968
4011
4611
2555
3300
4997
3845
3579
4470
4974
3663
3907
83
1830
1598
373
3918
1300
4275
4590
242
4471
4621
2441
3445
1890
2110
3733
3480
1705
3147
2549
4844
505
4951
120
3082
1780
2552
3231
4051
3179
4758
2492
2426
4980
1195
994
2188
3446
3795
160
3063
4001
2321
841
3172
373
4811
3936
4350
2151
28
1108
2885
4412
293
2371
4657
4349
4298
3606
4906
1063
770
3306
4125
948
86
4082
2803
2344
2195
744
3999
4364
478
2991
3997
1085
2372
2019
2509
3519
3904
1578
175
3023
1459
293
2328
1098
421
3278
4278
1714
1527
2355
4581
3617
2051
420
4042
1260
181
1739
4424
4303
2188
1253
2107
1843
3252
2149
3179
3790
4064
2279
2687
3079
1538
1200
2041
3621
3278
897
4802
177
1618
4473
2336
2569
4387
3365
2073
2912
723
4875
2351
767
1565
3068
4081
2416
676
2325
721
1652
3311
4108
4284
777
883
3735
1379
1720
1238
194
4501
3448
402
3320
72
3094
2907
3854
957
4473
4057
3208
2437
3907
3737
956
1890
4528
2632
4372
3638
1493
2967
543
1722
1765
2113
2867
4568
3395
3689
4977
1790
476
2001
1386
4613
1180
1939
403
2642
2569
2686
1120
978
2075
4849
2512
2893
1855
1878
3943
4574
3405
2867
2636
4646
1144
113
4895
2475
4852
1034
4132
476
2164
305
4989
1922
3523
4326
4104
1970
3277
1375
4326
908
1830
2061
413
4841
935
935
521
313
3184
1362
4019
592
3471
2032
2444
2605
501
4689
1624
4753
1368
3967
4275
2103
2519
1428
3629
1672
2131
2160
4865
1806
2931
3549
2412
876
1622
2088
2415
1780
2328
320
904
4987
2753
2287
4470
4106
2952
2088
1493
4209
2897
1407
3218
4402
1267
3119
227
2370
4113
4337
1105
4889
3342
3504
1339
4529
1180
2392
1764
4039
3038
123
2079
1148
2451
2560
1256
2767
3020
1681
2862
3822
3514
810
4620
2204
3572
2790
2727
2577
3662
4472
2743
3016
4228
2132
105
4724
189
3664
4533
1297
3219
4670
3910
282
481
1796
4410
1016
4723
2932
4929
3959
1932
128
112
3036
3938
2347
2532
3695
4670
1395
805
685
4961
656
1698
774
2090
2488
517
1900
1480
1374
342
1489
4209
1210
1874
2921
283
1321
1969
379
3821
2078
151
3563
2576
2212
3628
19
480
1201
2643
4036
3111
1316
4182
2382
2279
214
3339
3335
2130
1166
2898
1757
456
4279
2912
4194
124
3345
3339
4231
1802
4140
4024
4595
398
1322
2575
3733
3889
2251
1938
849
4455
2363
702
4644
3102
2957
449
2231
184
3489
679
967
496
1748
3122
2184
2872
1514
3472
2055
450
3564
4846
1079
4020
2131
3515
4912
2148
172
3699
545
2972
3068
4480
3045
3862
1597
3125
4356
1359
1306
363
1888
56
1626
4425
882
359
4357
1877
782
1292
2364
4559
2103
760
606
3165
1521
1960
2857
4263
4185
843
3716
3817
3460
813
1781
1475
4618
2076
1092
1209
182
4316
4189
73
920
2618
1416
3145
2733
2809
2317
3935
897
3640
1232
821
4418
4482
463
1297
4471
3455
607
2090
2156
2162
3921
4433
2068
4457
2840
51
4400
2909
1977
4646
4571
2885
3249
1943
620
436
4969
2573
4831
1386
2010
3358
2349
324
415
3793
746
4394
1057
2755
790
3069
3195
4762
4896
1330
57
1302
984
4922
4796
4052
747
2601
1431
3017
2544
1558
1631
3899
15
3424
4453
228
1952
4549
2402
2073
3993
453
3399
4349
1410
648
4545
4055
432
1223
4766
1955
4268
3893
4720
525
3
1409
3552
1189
2000
517
3378
168
3303
4887
3595
3463
2754
1672
3379
2786
1836
1626
1981
482
1454
3966
2681
2729
148
3371
2507
1580
1475
2816
1086
2630
4531
2153
3216
1363
2871
3606
1052
2465
3283
1609
2981
2670
2175
662
2565
3912
3540
1111
2164
4846
3751
4043
2076
32
4657
2708
2335
2323
2718
4136
496
259
3168
884
45
3516
4431
4071
261
700
4290
128
4673
37
524
4943
1449
4755
9
308
329
1210
1521
3852
1972
4041
3711
4874
1818
3911
1004
4752
1821
4632
1388
1855
4675
2709
1345
2111
1376
3614
4396
2683
4250
328
1001
2389
3780
951
3790
3822
3869
3421
3374
3319
1374
1658
1204
1210
2044
3648
2227
1016
1195
3296
1307
2519
3758
4076
3668
4881
4538
3774
816
2219
806
888
4697
328
578
4460
4069
4458
1194
404
3311
4323
4053
3615
170
3763
2613
1416
173
3733
2018
129
1683
3537
4963
2832
1847
1484
4650
2575
4902
2382
1949
1636
594
543
124
3574
1673
3229
1730
1162
723
697
3546
4473
2783
281
1643
4676
1519
3161
4956
335
2913
3769
1973
4269
1719
2981
1382
243
2152
2523
3805
73
562
4268
2968
2912
4069
4346
919
4778
392
3227
3157
2620
359
4214
766
3465
831
4011
2940
447
2035
281
4487
3758
4511
2384
4169
828
2199
2694
1013
1276
4365
2191
1923
3419
367
226
218
409
2492
4650
952
271
3353
4719
130
401
569
448
1169
3325
2726
3341
3219
1747
1840
4657
2212
2212
3821
3652
1731
2900
4656
4453
2071
2371
1314
1488
2098
2294
2585
4658
4766
3471
1362
1652
3400
679
1081
1090
2103
3157
307
1418
4900
3764
717
1718
4479
1103
4934
1856
2630
180
1979
648
756
3370
4300
1956
48
4749
1625
4897
2199
2092
3124
574
2756
2070
605
4006
472
462
1738
1189
2276
412
3539
2441
4700
3036
2595
4469
3897
927
4768
4823
2589
1348
3356
3655
3572
2168
958
3965
615
4835
1517
2750
3891
4926
271
1721
3271
2084
618
2529
4109
2376
3097
2648
1375
2378
3004
4356
4235
531
4348
479
4448
2563
4152
1813
3189
4023
2318
2413
2146
4229
3557
146
1018
2177
4100
1213
4757
1196
2189
3520
175
415
2571
118
2767
2319
1498
86
863
1961
4935
569
475
4603
3999
4864
434
4863
2831
2744
3687
1630
406
434
1862
4329
4003
3910
1458
2300
3332
445
1269
370
533
4581
1904
4883
2557
931
4515
762
3636
2500
2078
1384
1850
4441
2858
4318
14
4417
1901
2224
2362
1986
2666
4467
4782
696
2163
1225
2570
2791
4197
3157
945
2722
1583
916
4801
1865
4441
60
446
3131
2931
3149
3298
384
4028
2093
1773
3841
3215
23
3865
3879
3187
3255
4128
1907
2929
129
67
3247
1784
4773
3158
3178
4362
97
990
3568
3407
556
3255
3776
3973
1469
575
733
3524
2973
1407
4382
3823
2869
3497
892
1699
3935
2624
2333
2079
2497
2624
2707
2870
1290
1916
1538
2569
931
3027
2419
2694
531
2839
200
3408
4245
2555
1734
1945
1822
2604
1354
4683
2431
3979
3509
4991
2327
3745
1216
200
3143
3687
266
2311
3860
2353
346
3295
751
1952
504
2097
844
2868
2623
1709
704
4754
2833
904
3578
4443
2029
1520
4206
2174
2915
3366
1827
3854
2253
145
3210
3341
3224
977
3715
4992
4099
3397
719
2948
610
4931
4932
4902
716
1610
1402
4326
1682
3030
3263
1393
629
4824
2520
4084
1000
646
3413
2206
3591
2034
167
3311
2083
754
2160
749
4247
4498
824
338
1227
3022
3810
3390
3606
3113
3224
66
4134
1966
972
3314
3330
4850
526
4852
355
4166
638
946
2833
3250
2812
1963
549
4546
583
929
4191
2986
4884
2587
1550
1715
1071
673
4870
3487
4381
2412
4246
2374
1881
458
3262
1621
207
3763
4275
4778
4634
111
2033
3446
1273
4303
530
1269
447
2229
4287
17
545
2298
1475
4869
2887
1982
2540
2264
4414
3440
4279
4928
1243
3467
507
4923
2373
4242
1760
1848
4112
2626
2701
4535
2002
1980
2137
858
3296
1735
1846
1509
4281
1216
1602
4858
3006
440
4102
1243
4192
1869
4696
1320
4389
3371
2101
4308
1660
3853
2511
3259
360
4310
797
700
2784
3281
3687
4261
748
1924
1128
3149
1393
228
3233
2573
2756
2058
1492
4488
912
3055
4163
4257
1729
1594
2031
4095
1537
4302
1932
411
2245
3870
1735
3389
2729
3134
1695
3444
4505
665
3349
386
1013
4358
3377
2420
1043
741
1102
3329
3097
3999
4550
2461
3752
4949
1241
3368
4296
1437
1131
3216
1212
2905
384
1313
2275
3109
884
1386
1340
1217
1677
3438
1099
2775
4741
2321
4351
3281
3776
1362
602
3339
929
671
1021
640
2625
977
1061
244
1920
104
1282
904
1063
451
3189
1416
4179
2083
3111
2228
1235
2288
3436
3785
738
3713
1741
4364
4811
4448
4606
1357
1576
4640
4182
1262
1030
535
1781
4851
1811
3020
4058
246
2548
4047
3567
2905
2705
548
1749
2739
4095
1682
3641
4838
484
1550
4853
1564
3957
713
2620
4972
2971
1138
3957
4800
3259
425
237
3527
4023
2425
3718
1202
3064
2612
2832
4068
794
2807
4266
2179
4287
1135
1155
2520
3798
4300
2907
347
419
551
3480
2746
4794
2950
1145
4630
3065
3792
4033
3680
2475
2297
2020
1933
291
3919
1735
3035
979
903
2751
371
2790
4926
4249
2563
1201
3947
2697
4070
2852
1619
2352
4881
4931
3876
1625
4518
1156
3549
4606
1860
1791
125
3299
3490
1364
3010
2355
4580
3996
2894
4372
2526
2539
2099
23
4835
3919
991
3598
3979
4367
3841
729
3219
4471
3733
1353
3622
192
2373
2219
3759
2298
1920
4468
4817
2868
2191
3101
115
3787
2856
1373
4247
3422
1465
4403
3348
3878
4447
2564
4212
2526
4406
1434
1245
2704
3353
1365
1489
4786
2707
962
4205
2202
2202
18
2745
842
1036
3708
2693
2493
877
1079
1525
2277
1601
2145
1253
3712
1847
4123
1798
4345
2770
3615
4082
2125
4582
2772
3057
1507
1760
3755
2172
1705
4013
2021
1998
780
1380
239
2010
461
3062
891
747
2899
847
1832
841
1754
4238
387
1654
1294
653
2751
3494
3433
285
1765
3656
3873
1507
2345
771
4774
3906
122
191
2626
2329
88
4400
1239
1534
3289
3684
1034
2311
876
3545
2041
1181
1040
1591
4294
2040
647
2886
527
4341
4614
4005
2358
3687
2308
2255
2371
1951
1549
2828
780
250
1973
2838
1581
4427
831
2503
4381
3865
516
4939
4314
756
3348
2308
3721
3185
439
2305
511
1642
2664
214
4387
4808
3048
3018
3338
1734
1106
3304
4094
3778
943
1941
1441
896
1153
4759
2594
3150
820
4735
4017
4554
2154
2396
4403
2604
1588
3437
3694
3100
2343
3784
4340
1139
2796
3593
2221
357
1174
2906
872
3815
3374
2964
3979
1107
1970
3398
2277
2568
683
1789
2297
2687
4880
3337
623
1080
4884
4608
3583
641
152
1607
3550
3717
3613
3655
4267
3436
1714
811
3873
3525
1971
3807
555
1243
1073
1757
1991
4289
2831
4095
1004
3778
1525
4503
1115
1663
2447
787
1894
2205
2674
965
302
3347
1386
2021
428
105
264
4084
308
3340
767
4006
736
3505
1334
3563
2247
250
3815
3789
2690
4968
4667
3155
4066
4666
2722
3582
3542
1749
1567
4530
4834
595
831
1644
2360
3012
1942
2685
1842
957
122
4739
2287
1106
701
2934
510
2150
4015
2148
613
1913
4460
4448
2118
2669
485
1241
1647
4247
3569
366
4339
795
494
4623
2419
3320
4441
4462
4591
1339
1725
3828
1182
3278
2200
4379
1198
1457
2639
4587
3730
3786
3640
1425
2364
519
1839
3654
2531
685
497
1927
2961
4048
2746
2193
3667
710
3035
154
4128
1715
3593
730
1593
265
3936
2798
684
4403
2725
665
1706
3272
2517
20
1353
326
4213
2352
720
3068
4244
3057
1798
218
3788
4734
4868
3375
574
3390
475
1578
71
1547
899
3331
4093
3480
2292
1985
1136
4080
4905
1577
3981
4059
84
1467
1369
505
3944
4416
1783
2992
3902
3935
3648
1764
488
3029
2488
692
3110
2689
1832
4019
4680
4751
931
2106
1299
4968
3566
2670
4396
3417
3502
258
4011
584
3393
2924
3133
3763
162
1357
4276
4597
1184
1940
699
4895
1783
1470
962
4071
878
2529
1718
2818
2791
4746
4936
3881
4535
3415
1951
2027
4125
3222
3040
1586
1699
1061
2424
1160
1512
3170
4878
1365
4080
3064
1374
2718
4046
3025
2415
2017
538
3099
4002
1842
3088
2863
2387
4018
2392
2434
45
4157
1474
448
1532
646
4033
3010
4154
2673
3037
3836
4619
3167
3849
2076
4088
3754
2439
551
305
83
470
3391
1720
2147
319
3310
4790
440
4315
4989
1856
73
3753
2325
3299
1204
4465
3503
3865
384
2023
4155
4362
3696
833
56
1122
3776
2704
2129
1921
4090
1659
2710
3266
71
3057
3328
234
2972
1309
481
1266
3556
1741
2129
1607
3964
3396
3915
302
2391
832
313
1925
1411
4201
2226
459
2075
3161
3734
4006
2128
1419
1999
236
2970
4954
553
3763
1207
3207
2451
2858
1902
3797
1032
4175
1898
2553
2259
411
2807
1906
3891
2076
4537
1951
2948
785
1453
4707
4229
2756
4548
3393
3844
2429
4216
4740
3007
2373
4502
3670
3582
1920
924
859
3090
3175
241
4992
3191
4344
1761
2762
1857
1539
1063
907
726
1488
3232
820
370
3820
3970
2549
2469
2847
3195
1222
4107
1979
1979
189
698
4443
4950
1441
256
234
1495
97
3007
455
397
999
1573
3990
3745
1724
3201
2661
2247
2551
1802
2299
279
188
3741
2696
309
3288
2657
2589
2528
4081
4761
2121
1824
1637
2368
1428
428
3581
4644
300
874
4291
788
59
105
3883
2159
98
1850
3535
1060
2749
626
3934
167
1384
1976
4900
2854
2954
4803
491
876
2350
2904
118
2160
2291
4073
2484
2677
3640
1370
391
2644
2327
2430
694
3525
300
3908
4981
3571
4177
4425
2742
894
1523
629
103
4284
916
2222
3395
3289
3230
3066
3132
252
2806
1728
175
3325
3439
1075
2131
674
331
2772
4296
2363
466
3803
678
2653
45
3358
1896
1709
3928
4718
3015
1926
3239
2972
593
385
3564
700
4509
157
2412
4958
1350
4447
861
195
2421
3800
558
2950
655
2879
3501
433
1991
4514
3268
1373
3005
42
2617
3707
2835
1146
3638
4
3716
4689
2859
2712
652
3279
0
2592
2035
540
278
4954
4248
1336
1452
4546
4564
3420
3014
1214
2867
3252
1212
4682
4009
4962
4811
3077
3841
2704
2781
1034
3224
2870
1324
4524
547
3911
3913
727
4581
2745
4261
2590
678
2985
3405
3912
4647
1473
3316
2074
4828
855
699
1764
4174
2179
933
4323
387
2749
3289
3545
3401
734
4872
74
755
4238
1949
2724
2670
3842
3586
1356
4855
3842
3768
2162
3353
3667
4420
2458
1974
2205
3003
3363
4095
4042
4612
4957
1907
2821
4737
4785
2363
3230
117
1814
415
4334
1358
4208
1311
3251
2232
522
0
4393
1840
176
1963
768
2043
327
985
71
3850
2488
697
4543
2678
3507
2910
4851
3654
1767
2052
4446
4380
713
1247
2166
3844
3074
1842
2034
2382
373
4415
513
3877
3601
581
2688
2606
2158
1118
114
3420
4415
2229
4315
164
4516
2987
1159
3518
1270
3240
2612
681
1256
2546
3590
563
4479
1927
2893
4420
2209
1478
3468
3084
2850
3144
3474
3232
2943
4208
887
1347
1685
3272
628
307
3541
1805
4457
4766
4839
525
98
2745
1441
1187
2353
2126
846
561
170
1935
3347
4644
4916
4624
3099
2414
1318
1748
1190
4669
3830
1717
4103
4734
2397
4548
2156
4109
2848
4782
3785
2334
3414
1
2785
1623
91
3594
1865
3065
4850
1717
2119
2448
1905
610
4292
4983
3550
1684
3921
4492
3277
3069
3743
3849
174
2527
2952
4723
4825
2909
4184
924
3211
2581
319
883
1335
4484
4491
1089
4555
3762
2873
3504
1872
107
1137
1270
1642
2271
1676
3248
1452
3396
4941
4182
1154
2093
4535
3549
4271
439
1876
2376
4282
1317
2590
3577
3501
3766
2944
2610
3550
1267
970
1501
2647
4137
3110
522
1206
3447
3509
3083
3469
144
4302
624
4172
4294
1524
567
462
619
2471
1603
559
2748
1659
1891
1901
4861
3711
1935
2741
633
2791
209
2450
673
4451
815
1995
850
1990
3724
2333
211
695
4397
4703
3382
4556
834
3061
3648
1340
2344
115
4115
3106
591
4733
644
544
4698
4673
1464
729
3475
4891
4639
4164
4053
2903
822
3206
2475
3938
4949
253
3047
4864
1813
284
4486
2124
1678
3622
2167
164
3360
1023
2020
3089
3445
4459
2861
3532
1566
3195
224
3969
2917
1022
967
1962
409
1758
4218
2071
164
1378
452
3410
246
1376
1738
3098
3817
4221
2468
2060
4132
3020
1098
949
44
3741
4715
146
1951
4615
4459
4078
4338
3561
1117
1349
2359
762
1413
3408
1113
4735
1815
740
2542
1515
2883
1818
1122
2807
3471
1298
779
221
327
187
1677
3937
4878
1983
1830
429
262
4999
4687
85
2891
2379
123
1852
4100
2518
2508
3256
3670
3892
765
399
3290
4514
1607
3816
4228
2514
3355
2268
4782
564
4031
2863
4296
3150
3621
2094
1792
1905
1703
3660
3507
506
2857
176
4894
1857
3513
2137
3878
1543
185
3745
3409
2802
235
1448
2619
4483
2617
2316
2119
4733
2248
597
245
4396
2943
2084
3287
359
79
2122
4007
329
418
4397
3990
1774
2746
3842
1626
4013
4271
3282
3765
3692
3925
4671
352
124
23
2037
2573
3239
922
4486
1328
3111
3618
3886
4063
1315
1459
3069
4264
584
3366
1696
4161
508
3278
3099
2432
3262
4698
1756
4965
4582
1550
2216
2965
1493
2736
1618
3955
4516
4099
4141
2475
3326
2674
2003
3513
1118
4440
3868
2979
4148
2967
2767
758
4190
2632
1902
3141
2891
1344
2928
2690
3262
3933
2581
4821
4789
3622
4763
1655
4889
280
1439
4946
710
337
1956
1110
1503
4575
1647
2681
3041
1187
1821
1710
1839
2785
4511
1926
3140
2289
1577
2703
2914
3852
4030
4114
350
1250
3690
3642
3573
2418
522
1327
2576
40
280
1404
4596
4367
3305
4726
3421
696
1586
2524
367
167
2451
3289
892
3817
3494
841
2108
1037
4593
2864
2656
4890
4133
461
2676
2921
2797
535
2875
3419
4525
4023
2913
3274
502
4300
589
4868
3302
1285
4574
662
4513
3059
4668
413
489
3024
4806
2174
2063
1920
326
4519
343
238
2193
3648
1940
2813
2200
312
3257
3673
4361
2706
4667
415
3983
2779
1727
3658
2154
4606
1753
3394
4631
4769
385
245
361
899
4002
960
1122
814
84
3673
13
912
3889
4732
2784
3760
1058
140
2239
1028
1993
912
2186
4209
136
2883
3690
1787
2493
2779
2586
2776
2022
3579
3515
2802
2735
3489
1944
156
4638
4049
1913
479
1849
4192
3502
7
3526
3286
234
3555
3438
2461
2919
4641
316
4781
2654
1450
2322
1028
1976
3531
256
4177
4402
427
355
1839
3834
4631
3802
2224
1563
2567
1291
422
4867
3502
2274
3051
2426
2557
4727
560
3044
261
2572
2749
411
2289
4092
4283
2886
4334
957
3270
3547
3270
3717
2174
1975
2024
887
1635
522
1850
4951
3977
4035
1894
4931
4454
3284
2259
1350
4533
3564
2958
725
2762
1215
2453
2924
2042
2042
686
1011
2165
1864
2780
4446
4481
691
828
2723
3296
3240
2452
2831
1741
4801
1039
141
2593
2668
3835
3563
2535
4622
323
2111
3376
2213
4544
1200
2021
2809
1293
3323
2248
659
2360
3930
2579
3444
236
4652
802
2057
2953
2198
1927
2603
4992
2564
2643
829
415
1388
1548
502
653
2580
722
3439
618
3572
428
195
3064
1808
4984
1628
2367
3323
4114
2839
143
534
322
2206
1382
2585
4075
4516
1014
2876
4857
3409
2082
4610
2380
4629
2945
1500
3511
2822
2181
1956
1690
847
1110
1401
1915
1859
109
3545
560
621
1152
2744
608
1808
227
792
4054
4260
4568
2768
4566
1440
870
2784
4671
4569
1902
1753
3031
1177
197
532
3591
3053
3746
3050
4661
3827
4848
281
2219
2676
4564
2172
2985
1875
1423
882
4060
2191
4321
4947
2180
1344
770
226
1887
2027
2927
4738
3149
2213
79
749
240
1741
2489
3721
4921
402
2799
3982
3221
4030
2386
3224
1361
1311
1363
4185
2617
309
2143
3136
3187
4935
2722
1022
1321
2850
2129
369
309
2529
1694
1319
2076
3480
2062
1393
4472
4841
2131
4866
1525
3849
2327
3823
2217
1909
891
4297
4580
2253
3105
2072
3152
4417
4621
4020
4097
2024
1318
2076
3534
1613
4364
3219
867
1481
388
64
169
795
2966
2914
3917
442
2800
404
4618
3355
302
2079
1129
3304
483
2510
2720
2384
1315
2836
165
3679
3010
1803
4425
1845
1862
4696
4707
594
3595
4743
3944
2304
2377
2873
1011
1257
2920
2923
201
3223
4349
658
4773
383
757
1219
2612
1822
4606
849
3303
1082
419
11
2162
3496
2414
1257
3020
2309
1013
1459
2809
3797
4392
4259
2251
2881
2505
4846
3186
1978
2234
426
4349
2050
3608
984
3628
1107
3248
1208
1118
1642
2468
677
3501
4727
3702
679
1557
4760
175
2254
3853
95
4993
1350
907
1046
2079
3159
370
2978
2615
4042
23
3508
1922
606
1648
4004
2948
1823
46
1909
3779
1293
2778
1588
2859
3001
2397
2717
1819
188
4243
1412
2114
3190
4079
619
2866
3362
1125
2469
3600
1430
3288
1599
1786
4900
2626
4672
1366
372
349
2573
4680
2867
1906
3024
1470
531
3949
2594
4883
4333
1225
3349
640
3590
2693
613
1793
4469
2405
4588
2753
4777
1967
4807
2493
4700
2599
2657
3117
4299
1119
3466
1199
4921
377
866
575
2842
948
2445
1512
4779
2123
1899
2413
1127
1504
4178
1493
4011
3740
1365
2090
3540
208
3255
1537
1851
2678
2899
4767
813
275
3558
69
495
261
4837
667
1769
4457
1963
2051
2633
4338
3446
1226
4142
4097
3607
299
3037
2240
2717
3079
4440
3490
3709
4614
4218
4054
726
4836
1887
4564
962
3726
1144
1205
2553
1690
1418
1869
2485
49
349
349
4764
2826
742
2882
332
2249
1107
2591
1454
1643
1461
3618
4573
627
680
2997
1858
3797
4262
4561
2931
310
1937
435
4518
3045
3156
1904
1984
2259
61
2716
3018
4911
3799
4099
4925
2084
1301
2058
3276
3158
857
3727
893
1679
1130
853
2404
4076
4443
4671
859
3663
1461
2755
4127
3583
620
4610
77
3636
1924
4074
763
2135
954
2817
2101
247
211
484
1774
2452
1144
3280
4355
3077
1479
4047
3867
53
3703
3126
278
3329
1816
548
2666
1609
4708
1363
3022
2338
771
2137
947
1104
4609
2930
714
2885
2947
290
3430
3806
3106
3066
3287
3331
3652
4083
3136
3060
3078
1985
865
4558
3620
3774
4312
4882
3587
4867
3714
4728
2787
4697
1905
376
1935
2163
3759
1848
3134
1476
2614
956
4791
204
2656
4154
591
2543
2496
1381
3370
2136
1433
3300
1006
4971
1132
612
2688
4157
1693
370
170
4626
2365
464
4868
2068
3371
4690
2912
1620
1590
2088
1514
3141
4070
463
1253
1085
4617
257
149
3296
4940
1211
1622
4257
3084
463
4709
4591
3136
2032
1135
4872
1445
3832
107
3025
828
4666
2937
877
512
4845
854
1651
779
377
610
1447
2564
1879
3747
4009
3482
648
1631
4324
3017
555
4612
2859
863
685
4912
3461
3653
4899
4120
4242
1545
735
2382
1980
2422
1320
2658
1838
2671
219
4650
446
4790
391
4264
1646
3295
4672
714
448
1669
1456
4625
1978
4335
504
1747
3499
3890
37
3139
3757
81
2561
3933
242
3255
3060
4036
1132
1277
4514
377
4974
141
1892
1566
2410
4759
2048
2066
477
2671
3192
4243
1294
4650
3865
2902
3168
2444
2570
3162
3433
133
509
3794
3553
1836
1066
4365
3293
4768
993
810
2005
2851
4433
282
1328
2390
2241
2397
4843
2542
239
226
1478
4551
1349
654
729
4997
2776
4953
3964
4540
647
1683
2381
4882
792
288
3407
2956
585
4986
3588
2546
3018
4810
2258
4849
424
1933
1550
694
1526
1598
4533
3419
1740
3296
4522
2620
2886
4040
4870
281
4748
834
4771
1998
2143
713
2891
2291
2428
2953
1852
4243
4605
4312
2884
4934
2468
4418
1186
4429
438
4650
3788
2276
2024
136
2964
1774
2083
719
4500
3477
286
2998
1349
681
4481
1814
4488
867
3858
779
4002
3348
3103
2715
4719
4587
4951
2108
1914
3939
4810
2939
3901
3786
2392
1499
4551
4312
1505
50
32
4388
440
3439
318
1319
1616
2029
2269
3418
417
545
2325
660
4378
3712
3105
4888
152
777
4474
2306
1932
2288
857
2252
1236
3724
2856
2476
4242
1859
2470
2415
4091
940
2456
2190
1817
2064
1634
1316
851
349
4181
2367
1244
762
2210
1058
1054
4714
2187
504
3547
783
1970
3617
152
4167
1530
3901
338
738
1648
1101
822
2796
1125
4462
2801
4889
4312
2577
2105
4304
2013
48
3474
2090
33
2461
1343
1724
951
2397
849
3779
882
468
3939
1198
4305
1611
1788
1043
1228
3127
923
4820
2259
2196
1741
741
3358
1855
4332
2539
3338
672
2788
685
3399
2598
409
3126
4241
4741
4489
3894
2564
2030
600
4204
4987
4021
2542
1899
3700
317
382
1340
4375
2342
262
2121
3156
447
885
1198
755
1600
2864
4304
2961
4113
3342
3756
3112
2180
4567
1012
3313
4168
1341
3588
2463
4936
3503
2193
380
3635
894
200
3565
4739
4443
3797
4419
1289
3321
2441
1937
582
4331
468
3202
3791
939
1967
1196
2250
640
2285
755
4389
569
766
697
3552
2528
579
1414
3185
4856
2759
3501
2120
4815
2802
4186
3958
1400
4445
4640
761
4771
1463
2431
2555
4697
4624
4702
378
1714
2128
3846
1841
896
3173
3731
4457
4424
478
778
3211
368
3891
432
106
1363
3435
828
4671
3086
1399
1693
667
3720
4344
2786
472
1819
2111
2421
4882
1252
2223
2868
2311
3138
4259
687
2627
953
75
1272
2101
1233
1988
3185
2211
3525
2260
4039
1287
4545
3512
1006
4224
2666
926
233
1746
209
3326
717
1968
2168
1516
4432
3229
1312
3486
762
3431
833
2321
4528
2378
1956
3956
3167
4836
193
3106
4846
3305
145
2006
568
746
51
2796
4568
4726
3475
682
3537
737
1829
1221
1476
3663
2639
1336
3233
2628
4729
4933
1003
712
2748
215
4361
2276
4709
2070
600
1864
2461
4118
3443
4936
1270
1301
4412
1897
928
110
2402
3176
2056
4816
3267
4323
2544
4305
2455
1366
264
392
4985
2909
4521
4705
3329
1716
4872
2513
4984
4745
2268
3103
2777
1888
3672
2557
2215
4887
2581
1055
1413
4166
4123
3045
401
2560
4653
4905
2861
1185
2013
947
4586
3917
3891
4876
4211
3230
2931
61
3005
1367
3544
3230
1790
2089
1556
2446
4257
4466
4152
1477
2251
1477
3757
3917
4801
2365
798
1662
3963
4017
1503
3612
1752
2825
3175
1699
3724
4784
591
2608
1002
2793
3472
4784
3783
1413
1179
1612
645
542
2062
2853
4171
770
1138
2708
4717
4369
1011
4119
349
2182
2216
165
2251
2863
397
4658
1166
2234
4007
310
1639
1725
2436
4066
2135
1128
746
469
313
2165
3433
176
4010
596
899
1959
4730
846
3530
2836
1686
3392
4584
2151
684
1399
4280
1752
3411
43